-1152921504606846976
-1152918998062448640
12363159306340
17440571392000
18740793206016
0
34603948507136
8610586951680
0
5563488665600
23837771694080
8109756252160
0
0
13229179142144
0
0
0
7895907565568
0
15024640491520
565959352320
0
37867543724032
9306186776576
0
0
16552173240320
4660596670464
14518629171200
9775505014784
18011012464640
28938785939456
27383935467520
12875405287424
12360915353600
10524050718720
4118378250240
0
20678925352960
0
22220856033280
1275132452864
43489456029696
14324079001600
3871416582144
0
12287277793280
0
28453665374208
0
12581063884800
0
13527519068160
30951633321984
7629609369600
16716753797120
22777100107776
9070841036800
3189563392000
14472405483520
32681496412160
18095807192832
0
0
39313354260480
0
0
24239980019712
0
0
7804878848000
0
15755901140992
12386042511360
18026741366784
0
0
17402928627712
479900696576
23590404751360
19093850685440
2186851057664
17032518041600
22755454156800
0
10252822249472
23401220669440
0
430157398016
19745150074880
0
13817785876480
16562277580800
0
10326032678912
18247354941440
0
13365892874240
0
