667144159232
692243070976
529977376768
329662660608
639948029952
606161797120
760817385472
58512531456
420128358400
97019846656
612452139008
483702243328
583458291712
184055414784
419314073600
411861876736
162256175104
39733284864
797377495040
523785469952
261937528832
384127664128
33799112704
61673013248
538306936832
325094998016
871404994560
703776948224
379619246080
260480696320
899041918976
196695064576
853788917760
630529589248
310463234048
955487682560
881299161088
994902212608
320853835776
590453866496
757691121664
515368583168
799499223040
183509975040
252170387456
227542958080
314289291264
260459364352
540688089088
344451547136
197296259072
958289084416
964196630528
252264087552
802411905024
137246203904
697023397888
872134475776
964567040000
478524309504
558231388160
195713138688
350824955904
315090501632
726291185664
775909146624
704871268352
772080074752
349497786368
9335495680
901673517056
426043473920
512829292544
122378092544
808605384704
230688768000
186015563776
363585896448
788044972032
671871991808
153151062016
9936869376
8959789056
587163107328
450124873728
248749309952
729688965120
882280300544
485179588608
413538320384
338398609408
465405837312
76104564736
89480306688
895543148544
393582673920
944086777856
266430070784
890261667840
627880820736
