635808055296
26076309504
264539832320
120907898880
99067133952
21358546944
973096222720
828675063808
541811474432
225450000384
138124820480
464004743168
527709962240
221012377600
555040636928
568194367488
643497459712
261769232384
555630854144
487937441792
764599795712
628729053184
48890802176
707710943232
497209376768
597754707968
463632924672
278291447808
244877754368
660425342976
768652476416
742285967360
599812734976
53226668032
580600397824
150168010752
873777070080
571998535680
579283648512
20615870464
490921656320
920356716544
436311818240
92497002496
597150269440
304199499776
680889483264
709320441856
548225089536
19466035200
165635883008
842370842624
727665737728
878294663168
497868537856
676481335296
621168033792
970599170048
860223832064
782085455872
510287806464
407392976896
53881757696
590658338816
195149938688
884987854848
991087165440
201202728960
614350389248
386566029312
15399957504
827078672384
711577567232
484742201344
62260969472
420146872320
408689344512
841789407232
954447953920
407661903872
573750837248
30991230976
869613371392
591875997696
660502937600
72572559360
727017324544
980122402816
917105934336
798956650496
64365387776
789106130944
507017068544
436274462720
465236983808
238043938816
804441489408
248766201856
13543542784
626318442496
