886038855680
655241641984
646730809344
604571172864
27567923200
334075428864
805417123840
645596774400
545037549568
446716248064
959749816320
515094347776
190628626432
895450349568
833982955520
751354576896
15849659392
385222606848
436645527552
701334945792
336863133696
658798477312
425783590912
144916987904
619739807744
967077658624
674761998336
725281341440
803777806336
93646438400
915658375168
470460825600
35326504960
732508520448
271079211008
28528871424
484719722496
684247285760
144979558400
671627345920
40417497088
296880996352
678962266112
318787715072
865166491648
853211480064
925002104832
510160142336
261801689088
100800094208
147183927296
720133226496
279618551808
549114478592
966712164352
531085623296
956202352640
892670705664
116036919296
232591540224
166070845440
152731992064
966361022464
630386720768
909293977600
504396382208
390423117824
841177432064
668579594240
817292443648
234213474304
425909780480
265706536960
729570869248
897286144000
687510585344
991275319296
364088983552
243748225024
676635410432
210514444288
116268548096
125466746880
719582199808
18018398208
835230498816
718111703040
303369519104
731724578816
94916993024
269922549760
588485033984
668146335744
534761963520
743892779008
606343462912
814150123520
421951963136
746897604608
107587665920
