144551477248
476869558272
746390814720
591003058176
988635398144
995736420352
342052634624
878659305472
627379208192
362163765248
886641983488
791469883392
234590961664
770348220416
242126995456
428402933760
168079720448
915751567360
36712988672
35178655744
247612817408
628730429440
71915986944
691883606016
488067268608
946442862592
864845365248
456217657344
650138681344
880422354944
258678472704
608785793024
862924767232
176193290240
280648613888
861317169152
157907402752
949967323136
100771618816
668679733248
499766165504
570219560960
680048656384
577816756224
366433533952
648366981120
103881342976
933784059904
108933726208
849053155328
35743744000
745099689984
891549057024
264927379456
634575912960
317080600576
174072446976
635692384256
82890563584
141735116800
142276067328
233762258944
842283155456
253600415744
262049021952
257854406656
758734061568
43070369792
883691028480
194938306560
328122171392
749434109952
739214098432
971594858496
594644828160
196071063552
366258454528
705972994048
288588824576
312456970240
463985934336
211242860544
359011024896
898232418304
591459909632
667485470720
428110872576
259529621504
914246139904
735133433856
386788786176
758885449728
587289985024
582473940992
639893438464
688958210048
321273757696
648383168512
376567693312
973398540288
