909569622016
136949596160
711829684224
721069801472
20067198976
269392510976
679948058624
886960947200
153456361472
140928024576
577479835648
703210127360
852564246528
47898439680
29123211264
473804374016
230152617984
175094005760
805056086016
577914404864
7881435648
463287615488
474921271296
1902774912
979937918976
816079241216
844236259328
78762696704
764634398720
210071748608
675794059264
71043547136
29008635904
548149690368
751993356288
752383885312
316046737408
797450895360
756962951168
276601864192
847929933824
159135891456
596970307584
280419106816
4138052352
548247797760
400555442176
135153950720
532324548608
778539499520
913385914368
277528412160
419978608640
580826431488
950488530944
861405904896
648744665088
451692920832
602991230976
473659670528
798053564416
886664003584
161946746880
838868336640
859484979200
363421859840
31120312320
39082926080
866749317120
455815364608
889141723136
805227986944
466572541952
684720586752
98472542208
28063299584
659860946944
282897285120
654611709952
59179335680
627082199040
369675862016
142358708224
622809776128
563536199680
352999538688
863413207040
385452015616
292001087488
662690004992
830234951680
758935388160
427372445696
848653254656
315177861120
194118909952
556537610240
727443636224
145672175616
312107204608
