554937024512
825762840576
596496416768
315256995840
524859965440
321268940800
567192453120
803553542144
323786113024
873101066240
209628692480
229230690304
680221212672
477494411264
248478367744
175845556224
436409106432
728012488704
706427420672
926405165056
92208168960
742758612992
544188006400
168139456512
919843438592
808780627968
175594979328
224938082304
534221422592
659685113856
327965474816
115782598656
958126096384
224623001600
238751285248
693009514496
410467205120
722170675200
522715430912
278928883712
957572841472
927146770432
555646386176
749612105728
730546372608
292676632576
16051662848
780293767168
397604257792
534497853440
305441406976
553620602880
701853532160
52386213888
455052591104
68633206784
518328254464
542994366464
106564517888
29824634880
262633078784
74281517056
449495105536
664171839488
736559431680
354410692608
580512972800
682481156096
460828835840
150321971200
461393920000
647816740864
855750410240
596433436672
257092780032
958214045696
703681593344
776105754624
9219194880
946998607872
205765787648
305584504832
958679547904
527225487360
79107391488
557892894720
506224443392
114205245440
447646302208
591787589632
173931036672
258941501440
29698308096
139464327168
976962846720
815268757504
221783146496
509325312000
230506872832
128847896576
