835485106176
998446923776
898158493696
349696917504
355867492352
65270124544
994998091776
933289394176
794793869312
99801718784
367448227840
702354292736
468832387072
666270564352
9700458496
35598209024
299038474240
939705040896
621923205120
663694409728
711932575744
451018260480
264296136704
25415825408
163758538752
289885814784
110961500160
929940701184
513361084416
60052656128
304975937536
730608893952
343421485056
884874412032
84035723264
388365877248
265491103744
108920250368
622659764224
42146127872
349944610816
519182909440
907050811392
802193014784
457467363328
654407630848
628560756736
221489676288
577139572736
984881233920
899195273216
774841958400
768883490816
624556441600
919621140480
73301516288
978540953600
338286313472
578155184128
53871722496
422086213632
2731121152
901953093632
125895622656
927676104704
452436033536
92577398784
948263321600
461793361920
361291939840
233495150592
353023000576
257556971520
760000675840
331632181248
741983780864
521078276096
762518044672
641289617408
154659454976
361472196608
263051395072
104662065152
55357378560
391467728896
398165475328
967174651904
303836430336
578958917632
562803310592
35906568192
481660174336
263013384192
466280775680
781054115840
176546922496
224204750848
209153376256
240926031872
243703545856
