316293775360
949284962304
632808407040
610789097472
532364427264
449212416000
912603086848
120008589312
984383684608
536469274624
439001776128
302747779072
281791987712
77894688768
176015982592
300688080896
664641536000
631033757696
784386293760
180221804544
987852636160
838740934656
719489531904
459858706432
845451231232
498910560256
189954752512
569660932096
291551739904
110235803648
733139042304
867411820544
591416197120
931783245824
481412055040
92427313152
425894936576
16514928640
566396321792
423827406848
267310202880
682436132864
703596265472
343167959040
624050241536
412952592384
494461812736
419319480320
502295560192
81398177792
59231252480
499651870720
649213706240
335335555072
984667979776
315602501632
331642437632
914719571968
691600359424
727584210944
508351315968
860356411392
9673634816
584775892992
327828078592
806330630144
998374047744
672517783552
5922531840
539990491136
620010405888
514550431744
48873664512
419716169728
169681272832
833108574208
56078389248
509489184768
984739217408
512637861888
904801157120
993143947264
770627928064
943779151872
96940998656
287361761280
689253908480
290752167936
671569346560
65580597248
213065465856
991240323072
775655587840
443608924160
734880792576
141695647744
478756470784
460083494912
623067463680
895415943168
