255661211648
898037514240
316171386880
892374286336
134404194304
931220488192
21992587264
629410234368
497170710528
948064354304
117225783296
213680095232
321476395008
53746040832
309717827584
427560108032
3071380224
620688965632
919229628416
492209340416
562482642944
645721686016
644672454656
9905917952
488772337664
796536406016
386779840512
609080901632
822487089152
541001842688
617718284288
991266930688
223488262144
167384252416
227022127104
560894443520
952848416768
523684380672
563051888640
213379858432
275299565568
960236158976
688547430400
416600358912
802474098688
181956935680
150211461120
604172976128
336076996608
445977493504
544177651712
993353138176
286420860928
875120033792
142198734848
934224986112
518713180160
12271211520
242243665920
389151031296
461681000448
472726405120
112913899520
743934722048
311522787328
763475263488
728297701376
499734282240
33980213248
105418448896
767955959808
35344531456
35561213952
677311741952
577814855680
335128068096
497214390272
682592567296
333256392704
39984074752
12307805184
857278906368
286232281088
705925677056
493343604736
626265948160
651592400896
312687984640
347250327552
236350390272
340961787904
544739721216
441017401344
179680165888
884650344448
318151163904
167004946432
852162576384
297091465216
216128995328
