479827984384
468559134720
73584918528
741786714112
209217077248
311322902528
403912294400
554283827200
847918202880
961050509312
375552442368
909714325504
569299042304
209468882944
543549489152
435917553664
466340610048
786507759616
836189683712
839947190272
991601557504
847916367872
930371076096
747422941184
936851406848
660781924352
761898205184
223539068928
21021992960
316650487808
944596910080
840037564416
511803392000
879423062016
463759605760
407697850368
177813536768
512093487104
755196297216
585008283648
234188111872
999450935296
771630563328
795564441600
51597590528
200744042496
905212264448
902951469056
905326034944
815481290752
794614628352
88066121728
127352758272
417872543744
183715758080
710736871424
354576859136
373431173120
257557921792
776107393024
36400177152
777736814592
423049789440
197492670464
259295068160
972479660032
465059479552
255054594048
702641930240
302632828928
350361419776
524847808512
116578082816
327881359360
701956816896
788235812864
878773796864
551069417472
824338219008
652416253952
159296159744
290477932544
62510891008
620614057984
660350304256
507448721408
690802196480
313351700480
501767438336
205825867776
315209613312
727963402240
880604610560
322075918336
129820794880
898138308608
10830768128
32716490752
866029731840
361586098176
