935404503040
343743922176
304181182464
373133148160
248877252608
880140419072
520328413184
159559122944
710286901248
792222302208
881033216000
525301809152
747734171648
168974860288
960600342528
809918660608
302983184384
238412955648
6690465280
446651695104
874882007040
141515292672
447681921024
190113513472
237834584064
285823303680
832283869184
194764488704
406757670912
376178343936
429387710464
719551528960
502401531904
862671994880
928274841600
515378184192
960589398016
625803329536
876517130240
623208366080
262336970752
97391566848
860023619584
416918831104
155217608704
742166233088
587457626112
399450374144
562130911232
734997184512
97857511424
691213893632
232339521536
930291122176
402570936320
9487989760
464637231104
157829038080
632531124224
950280126464
357978636288
547109109760
262844268544
623336488960
416435535872
32048936960
646483279872
444628926464
878573977600
192774406144
959445991424
408662310912
387687809024
868904337408
675657482240
775796424704
810342088704
419704242176
969154035712
571900755968
936513110016
975809019904
422582255616
340365770752
527644524544
121368363008
838117621760
242399395840
6711553536
801076674560
695155884032
484136222720
877556203520
87226966016
23546636288
748313182208
899851943936
811799216128
909243252736
651259543552
