786313904128
577907785728
896449576960
628260012032
166343868416
741324423168
440011620352
275184320512
22990596096
402923913216
942408073216
52619337728
373214773248
620738052096
744410710016
310440001536
565233582080
881031184384
491116265472
190675599360
684927549440
576824082432
682625662976
889257328640
747529306112
725607186432
279951015936
136312512512
4440826368
636968697856
533481717760
226855796736
765401432064
101839372288
614254837760
781080330240
616615837696
462494236672
140815089664
679194001408
212696006656
781665828864
458400399360
335688892416
923160477696
558489796608
538017628160
461820428288
816004005888
578986311680
22242531328
830221713408
536494309376
860357787648
34185822208
561128341504
883697188864
298543775744
625361616896
452689362944
349660512256
744283701248
176353476608
972700450816
177380360192
231793491968
753145282560
112958758912
497919361024
530494685184
24610183168
623357132800
762619297792
343031873536
336699916288
915914293248
771786473472
414463262720
883955007488
631683612672
705607172096
139770527744
123051122688
120182095872
900496687104
647869235200
737656963072
800552583168
887219027968
489679716352
47062122496
973057949696
184752701440
138754195456
41961082880
239870689280
506779435008
441695600640
578168684544
281595576320
