776874885120
936612397056
645471010816
431229173760
668592242688
29488799744
618263412736
153010454528
646733365248
647678787584
537704988672
208190046208
50343759872
127540436992
572235907072
568462344192
146610323456
79697690624
479099486208
224893173760
779360272384
708480925696
439034445824
851908427776
25310414848
392142487552
738472820736
512202801152
592827842560
657664311296
363839520768
50426548224
518974963712
412514254848
127484755968
636264710144
701302702080
794918387712
193120698368
779642863616
457881812992
619617976320
919261216768
23267633152
59097092096
244859240448
349374119936
930800467968
964360601600
8969605120
752142974976
266698932224
408941166592
74469900288
615644921856
144827400192
114048114688
806630195200
33640884224
402350997504
313273778176
192666337280
143078735872
724176732160
237696811008
970337157120
456897167360
70955835392
554677174272
459619270656
821398274048
240532144128
623863070720
265930375168
492160483328
741238243328
990998429696
711398522880
475612774400
624248946688
752237346816
854066593792
297745743872
212733460480
411352072192
594221072384
73096740864
536824643584
412110258176
337271980032
530507202560
234529062912
729910673408
608571228160
256870334464
219541815296
839209975808
602482540544
923899133952
972152373248
