777107800064
850791038976
244841676800
54202601472
983120674816
309634039808
19244111872
435783958528
220986572800
121240649728
691673235456
951698849792
202256990208
333195608064
18157649920
175612248064
515202449408
7708090368
549874696192
744058257408
387083730944
716428607488
15349163008
973370490880
438109143040
300591841280
47220629504
637122772992
121685491712
168008105984
712267268096
76416851968
337968758784
240876552192
412331802624
60956749824
500114489344
423960281088
500228096000
334157840384
191255805952
436356677632
846254637056
1526315264
652780109824
275095027712
521955606528
507460354048
886453633024
626517475328
879217016832
473813152
963377627136
488662401024
948965343232
261132894208
860670328832
285843947520
179265929216
922601783296
168717189120
629777170432
664858394624
275077365760
225461403648
329894363136
534427631616
124919693312
525194887168
950658990080
725136965632
377728565248
483926638592
355463102464
267966693376
716004524032
888093802496
192766590976
828135112704
467652870144
841592012800
636990980096
906948182016
78568202240
495771254784
427484643328
734056873984
294492700672
538656997376
207918481408
486005211136
289495351296
548331749376
811524554752
293751521280
82231148544
58923188224
322015559680
115476381696
811568267264
