27442358272
223718424576
35457683456
937282830336
912914776064
359449755648
272033988608
75465957376
356319232000
657505779712
698671169536
566665674752
949370617856
72539463680
170758127616
931830104064
268830900224
240830185472
632966348800
264937881600
810919657472
126523064320
473192169472
940464930816
394283941888
730121502720
151568613376
413562732544
748899532800
753931780096
330859020288
747549818880
69912649728
21864773632
481251819520
399694528512
666044203008
204965822464
860656893952
60890619904
388621336576
558825996288
187975319552
301072252928
120965767168
71673520128
616904458240
313301368832
656519593984
124706398208
940412502016
513715634176
18964119552
729952419840
311269654528
508716515328
999000440832
199954874368
641660813312
393402744832
920063770624
512007241728
305424072704
262057066496
393094070272
731713175552
903037911040
357970640896
412800778240
942861910016
680402288640
521521561600
213487697920
87886716928
111970082816
881167761408
787153813504
694658727936
129510522880
683326701568
672599703552
383668748288
320677412864
625324261376
825124061184
860580413440
775918190592
856875073536
499001393152
716065472512
912197681152
306958499840
51360346112
213365440512
32909109248
103399546880
836113727488
563364560896
468364165120
796997189632
