355196928000
794695761920
451662282752
87718731776
288763904000
254850924544
279278419968
832569999360
3958829312
536042635264
268192677888
514352840704
728199987200
856971542528
120711168000
792684396544
646615072768
659444465664
283391787008
965323653120
194879537152
340246560768
523663507456
213025357824
317342941184
582869778432
291735961600
206621409280
685951025152
779058544640
636359671808
297756819456
399094972416
589163331584
68153151488
450038104064
790281912320
268255117312
563673300992
657145266176
640544800768
637148790784
560040443904
599522017280
166363430912
70305882112
630936174592
144902799360
381285990400
273748541440
891805433856
573061922816
451588325376
845157367808
560291577856
820267319296
232433467392
509354999808
729782288384
450504687616
632554323968
341183791104
275883032576
766136745984
460983435264
748543475712
770915106816
769495007232
902496714752
262211256320
984647532544
971038785536
248981667840
634804633600
160892321792
117189935104
611214032896
674082914304
311648780288
881212456960
538391347200
743867023360
173177372672
592189784064
934184419328
838045990912
39298613248
491767005184
128527540224
162276032512
373332279296
595597066240
200644001792
223810781184
587622318080
169116352512
338439176192
146863472640
334393769984
156094480384
