479829950464
502478667776
158358732800
535253090304
998888833024
324529815552
373025865728
445650501632
47601098752
31673382912
334563442688
7718203904
719855616000
613278941184
379076476928
138643832832
186978516992
547938336768
200128724992
563377471488
685859012608
232129658880
403306479616
372193034240
448619511808
948085391360
471220289536
799375622144
105804603392
257863073792
904633188352
170516938752
878107361280
350697619456
174962016256
586585669632
744949547008
367646736384
38242459648
741037178880
611987030016
665981091840
144571056128
805741395968
95786418176
882247008256
925828972544
407819714560
226021326848
740477239296
201646718976
76433440768
616822276096
932268081152
629961588736
765157179392
996783489024
939769135104
699903836160
284019884032
522195763200
544239026176
25275590656
806863044608
948062060544
79393112064
360012185600
725348909056
939008262144
912892166144
978853429248
589396574208
988647653376
200403812352
186750369792
713440034816
786979160064
758189326336
888323571712
55228522496
225801797632
50657226752
396048760832
391231340544
425625649152
490517757952
131975397376
110396702720
437368717312
856273387520
387183575040
394566500352
479420612608
622160904192
658046320640
784404971520
494912307200
990776066048
973141114880
582644006912
