460301762560
291803299840
338212683776
340125286400
485778718720
482984132608
514312568832
50968592384
629087928320
80970997760
879468806144
232027324416
683133108224
418661466112
443643625472
318289674240
494574993408
321894154240
75517583360
224013156352
989001547776
149532295168
189491740672
787448070144
639609274368
913268539392
305259872256
502753198080
772817354752
741293490176
919276290048
276912406528
67273027584
657746231296
741499600896
384197787648
212630323200
677936496640
78751940608
583915732992
871005683712
993299267584
380847292416
900729536512
561578180608
444760358912
87206682624
682739564544
803790716928
310491643904
433154457600
27122896896
854531702784
114355519488
973254819840
493710344192
789429944320
949763833856
681047359488
363688329216
509838393344
853725741056
568428658688
580309876736
268423233536
389196087296
218647445504
807595606016
259676602368
384694386688
558725267456
495976906752
883577978880
295149764608
582352764928
602313850880
88890753024
986850918400
3837201152
491841912832
387156410368
937827434496
65642364928
251162918912
294997393408
21196867584
255757352960
514018410496
107129397248
523695751168
754993594368
177634066432
495826436096
354721529856
805044944896
390645055488
571686715392
339138117632
894564630528
947445956608
