936464351232
157061251072
728413437952
445189652480
302743453696
209593729024
641799094272
716918751232
253221093376
886876471296
732539912192
797801644032
653208649728
478508777472
296775909376
912824598528
843826397184
190133354496
571190935552
6371474944
85377433600
938483646464
94468005888
723760775168
247770775552
283301806080
453511741440
171881709568
815763488768
536329977856
98541699072
190279139328
21400205312
673243201536
199202357248
993935032320
66251874304
495183724544
552813658112
139076485120
458583408640
411506802688
194665283584
739349692416
250414432256
715494064128
308945223680
442470891520
608024788992
72790351872
387449356288
861325885440
304323133440
758907928576
965139234816
95347728384
509243654144
858677379072
790728802304
778939990016
643593928704
883064242176
660747059200
175272722432
808628781056
624096837632
196012146688
376316657664
754226364416
282595033088
574570233856
801660141568
501682569216
779595284480
657925144576
747678531584
232463695872
17333342208
321459486720
769547108352
778016980992
131495264256
40830844928
243996803072
854296494080
161060749312
948019003392
355336552448
141542146048
898966028288
922053378048
951922982912
969730228224
256727515136
819366526976
93417832448
73482403840
18741078016
981317255168
999193772032
