478256332800
54273323008
171703582720
821981544448
43920551936
172669042688
48565116928
233909108736
310493085696
457384919040
268114984960
208609214464
95163957248
420621844480
391351205888
439561781248
714927243264
782719844352
172894158848
832270237696
966813679616
237140213760
615564115968
785645305856
340994654208
97140547584
641180172288
314531348480
328261763072
95302213632
744294318080
355264266240
926537482240
315045740544
973809254400
812192563200
519958200320
937845981184
377922322432
740447551488
702958272512
620110741504
201297346560
204512067584
234360963072
904763539456
360882896896
358875004928
612220338176
587383439360
153320194048
852427210752
744386658304
906552344576
426138664960
112773980160
392408203264
204621709312
77157867520
792359731200
190046928896
118937698304
985941409792
717396246528
278654025728
338661048320
876104974336
695830642688
825304416256
891741077504
492803817472
553766486016
153745457152
999882424320
24021768192
733863018496
35068166144
390642368512
526199881728
841513435136
316432023552
272879239168
281343590400
541711564800
545981595648
312629395456
362309582848
337250353152
166768869376
884287275008
216956338176
385039958016
366744371200
872397996032
393626812416
685901348864
944141434880
185120604160
321985052672
603021377536
