891464056832
836427120640
831332876288
211252297728
517393219584
828451061760
776365211648
370205196288
38694387712
336583360512
956144484352
920408686592
308153679872
139020582912
518832160768
11595502592
885602713600
324758994944
224382173184
191195725824
426653253632
761592938496
92093964288
823310221312
375494737920
940449857536
140388696064
512736329728
559311290368
344633016320
246950608896
498968068096
156464414720
697269944320
15210902528
649627566080
290355970048
13168278528
319250956288
651128209408
511754436608
56918630400
631452467200
821967060992
800849199104
872044888064
458468360192
478111825920
625633525760
22975928320
156424601600
28232722432
507391508480
728659656704
583828504576
405878079488
593207689216
42111111168
761432965120
403665682432
409242992640
146872860672
492282970112
799432441856
61599944704
310240051200
204606291968
817878073344
76976332800
741327962112
498717229056
940133187584
818512396288
737563508736
229455904768
465475960832
254880989184
784979263488
146750865408
441852461056
214316843008
23238066176
562177441792
516076666880
700651995136
857974308864
974155612160
633352093696
748325634048
109230809088
842245406720
618427908096
918238855168
841115697152
631327358976
719616475136
594047008768
147975585792
25430579200
411729199104
