512224067584
950015557632
910777384960
435139149824
383797395456
482923249664
490819092480
196724162560
343077879808
109968703488
243996213248
844435292160
423447691264
885313044480
456170307584
854823010304
10391256064
645837029376
582379765760
56258920448
543678627840
606748868608
628789018624
57146298368
457881812992
619657101312
576950108160
801294254080
352347750400
908695437312
444170043392
166023593984
358684196864
405451636736
425607430144
184209309696
6023043584
229296635904
788505493504
412135555072
762549108736
162377121792
72131813376
319429246976
647484932096
280096210944
576942243840
669059907584
889879265280
201171615744
91541069824
530780323840
824271962112
539616051200
327351238656
792136318976
434853216256
578195423232
729483051008
421647679488
632169627648
874591420416
257665220608
579435888640
578930737152
89261056000
210497175552
826035404800
178131238912
851813924864
436526153728
694998269952
835645931520
700821798912
712564211712
67002953728
118569492480
797443358720
631404494848
15866707968
671746031616
35069448192
412180545536
518192889856
267360124928
521595060224
448316604416
857024364544
8495369728
781682409472
736338247680
637159211008
734967562240
600624791552
700919775232
359404503040
511459590144
101676408832
875503026176
579035267072
