392650915840
284406284288
16125658112
23950817280
541366943744
753826529280
563304857600
464248832000
630316204032
724170375168
131751256064
343299096576
827650605056
324119986176
484584357888
409113985024
978428559360
448859897856
988417228800
328198029312
24537503744
401809539072
213108146176
708738351104
765459169280
72731779072
403025133568
643719888896
81475824
369364172800
903715815424
752013803520
96282386432
217995542528
850913460224
302409842688
601780977664
133536415744
346616987648
591494250496
243787988992
344678563840
13034769408
75360468992
583427489792
665433210880
936244936704
469581266944
252614131712
685978943488
247936286720
65247371264
612609556480
128498507776
674356723712
913006067712
892995502080
575469518848
915928776704
15069115392
266607706112
875395416064
771034447872
775182155776
486077530112
504946163712
629905948672
829272096768
576539525120
899735748608
858478280704
445002907648
163735470080
901987500032
703567757312
863356780544
436872577024
517464817664
30823960576
58295439360
771459317760
917111898112
900034199552
874899243008
431842295808
973470892032
125145661440
323128393728
819262324736
342259892224
361847586816
572294561792
555649269760
797055516672
112618078208
772139778048
353151385600
415286984704
728191729664
718961377280
