684344213504
773952241664
815313649664
976573825024
276689420288
318989991936
264870854656
684540755968
76515713024
999616479232
554828431360
708339712
905065922560
443358380032
524646350848
730875101184
817655054336
328364621824
823865442304
706334818304
369145544704
229274599424
418169552896
175538421760
274308136960
296784625664
59224711168
389691375616
543290327040
80558718976
950314532864
935916929024
955074543616
937861709824
642328363008
613082202112
73163333632
656167600128
209646075904
521662955520
589675102208
670358241280
710657638400
23671470080
846406287360
550097321984
486573244416
836609310720
892265037824
297884057600
536930320384
188296937472
706753331200
402774032384
423318945792
721674108928
176949215232
985475579904
888170348544
479218204672
220523397120
336883318784
998376800256
718873296896
104241709056
990313840640
204741754880
94897610752
944134291456
64978010112
85399281664
305720360960
242101043200
992294141952
487910998016
320382894080
675411787776
646408306688
184873058304
161581088768
693297938432
258261204992
595826769920
60178874368
426344644608
574236196864
188423733248
837732794368
774805258240
151656857600
896894500864
105886269440
630647357440
290362490880
122056548352
404497399808
387975905280
711039909888
447492751360
10611870720
