583355072512
448432799744
810188734464
841979985920
157100048384
380561358848
94462271488
627426000896
149136506880
537390874624
929037877248
339956400128
647138967552
464149020672
952741724160
730819723264
886544072704
146171412480
703078596608
641489764352
518143410176
435917979648
473133875200
961307869184
701609345024
948261683200
433563631616
904490123264
765098000384
1997151872
566131621888
974215643136
641701511168
76950020096
298942431232
325242421248
349296132096
619805409280
69468758016
561448681472
268544458752
426760011776
555639373824
630807789568
986922287104
203885707264
707049095168
373629878272
597155774464
397223723008
139039342592
834180022272
63693156352
490849894400
714524590080
14679222272
713690447872
995374399488
257629683712
982174334976
404166410240
824703057920
784329605120
227079602176
526785773568
688972103680
554523033600
869083250688
681985048576
123280269312
971546230784
777579724800
782526644224
926226579456
90850344960
921770196992
192363479040
53097734144
413666541568
493538082816
894589075456
358072090624
117657935872
476942073856
965762678784
573009100800
564649394176
62240493568
75943165952
376766791680
319719243776
521646014464
304560504832
748736151552
8770117632
399365472256
135947345920
866939437056
651204493312
794973765632
