124200370176
435684933632
556247416832
849862524928
639194431488
940787564544
815954264064
743630962688
204887277568
540551905280
56013357056
416505430016
206473904128
206972043264
579277488128
917370372096
244420476928
974946369536
923771469824
827101020160
87564206080
691622379520
97544544256
431134605312
79541862400
860059795456
24855566336
747524980736
652383682560
612405149696
692918091776
873806561280
66695503872
951334404096
77426491392
307110412288
604666331136
627520438272
735643303936
957038788608
950716006400
684148981760
492136464384
337687150592
508028452864
434170200064
98860425216
547186245632
559712763904
92520759296
996349837312
652159352832
841558720512
76599435264
406703800320
470683058176
770375155712
694984179712
599438262272
758837870592
788335099904
547371384832
670577197056
390240862208
777842589696
199846903808
826921451520
68777058304
935979778048
12667474944
902249119744
100727234560
922709327872
975489335296
48934535168
442724384768
868582817792
271588687872
590772502528
113393041408
796861792256
855557144576
348537159680
864240074752
283135049728
650834149376
569183109120
260648157184
713537290240
421453758464
372940734464
15021484032
466079678464
401197432832
925048373248
287788204032
856431591424
45613391872
624291807232
472842502144
