75109294080
361923018752
840197734400
203479597056
881672454144
268590202880
195669491712
617173221376
831292178432
527783264256
453892505600
571269054464
318994448384
340129218560
551911555072
977293934592
379285110784
644583325696
512244056064
286095474688
406475800576
638884839424
737762476032
573632151552
36198408192
386633662464
151749640192
456228143104
826333724672
190646829056
201297035264
199205781504
51740606464
604355100672
396093456384
142688043008
157892018176
691133612032
883042156544
289464057856
22603210752
892143861760
261838405632
718269317120
952517263360
957633134592
940426788864
753077321728
970676633600
163126476800
666904363008
661905604608
646755123200
12497183744
40161521664
994678865920
567593205760
539545174016
135747371008
506202587136
746522411008
802359345152
253750853632
790733258752
854127869952
327124615168
983394549760
912564420608
470122528768
349531865088
581724798976
49347108864
376887541760
348877651968
587053465600
607656673280
885740208128
635948433408
385523154944
487682473984
479811305472
188938633216
491490148352
474835320832
557303726080
603464663040
430103166976
744235663360
369313939456
59062755328
667766292480
147489800192
861157851136
479582978048
351184551936
358620659712
337833132032
961313505280
795392737280
165576966144
