197152423936
540794028032
125279264768
568685953024
904512012288
132514725888
174999322624
213587394560
763308867584
932429037568
334911373312
855495213056
308240515072
598364520448
712498216960
957998563328
82451816448
767683002368
449060831232
365558169600
936084176896
765907238912
602935525376
538189398016
349312417792
893712728064
628978221056
236514902016
105861513216
214534963200
689242505216
98286084096
894283284480
219497168896
89021194240
179337854976
131345424384
522406920192
93763584000
884483358720
511059525632
376993873920
135645593600
795624341504
58319126528
169508487168
929016905728
986721026048
820608892928
973537083392
237687521280
814326349824
382628364288
834463203328
822947414016
277508718592
88977989632
453152538624
134596976640
171376443392
323972792320
10825550848
945037639680
248189157376
315161509888
920015994880
708583489536
162244427776
842101817344
205151322112
978189352960
428806209536
945848516608
876425969664
91024359424
846476607488
732254830592
6396698624
509316202496
77391773696
723560693760
884106788864
183486906368
864506806272
766282825728
915865010176
943474802688
981117304832
639075155968
936321286144
752268410880
375326310400
109049446400
794007568384
886088531968
490534404096
411783757824
849398398976
838847889408
515789914112
