690703171584
648401190912
678869073920
752003383296
920744689664
956945268736
379141914624
238600912896
165413093376
97946271744
182919905280
334759591936
304701472768
117715525632
444938747904
85551357952
861679517696
247566204928
845232603136
823945003008
43078680576
23360403456
618305486848
860702113792
819688439808
503332962304
517234098176
152865816576
215808278528
89917022208
235393990656
266663706624
817032855552
871552647168
185127354368
435350044672
927882608640
923368226816
49316585472
863814221824
126100373504
368946348032
880958111744
263957200896
328570339328
281617956864
153438765056
845333856256
526759428096
245796143104
95731671040
962108588032
159614779392
645694554112
188661219328
829141942272
389069307904
87949713408
170924802048
733130260480
720878764032
809408790528
733335781376
174992048128
91441250304
853049344000
200165539840
182302441472
957220913152
12219494400
373039267840
670862082048
178992709632
330424877056
450759688192
917741961216
489401384960
369155145728
390169067520
572018196480
909752139776
203720212480
925651369984
422177243136
532911521792
644139712512
56069902336
366869282816
971625922560
116851515392
923447132160
375776575488
677375508480
649737863168
145205510144
468958183424
780611223552
732394029056
347021115392
384078381056
