936406548480
185065308160
392815017984
42199654400
249609240576
182543319040
5653049856
10807980032
649709617152
669753540608
548328505344
757287878656
736879706112
737348288512
613508907008
245060288512
728315133952
792377884672
494954479616
699625963520
613688803328
267885838336
357456379904
769601241088
687308079104
586335125504
533979398144
592274063360
350240735232
496205889536
732664627200
894736465920
835861413888
323695116288
343922442240
304278962176
16537648128
948244905984
152510906368
250980073472
222372642816
417109639168
361868918784
930875375616
222488608768
366102544384
85712420864
568656265216
406191374336
858468057088
272924508160
42387562496
407768367104
363117150208
910107803648
181242773504
147488079872
832294158336
368220307456
678756286464
856934121472
492261572608
439834279936
294848102400
512501186560
606994825216
761620725760
559242149888
182346727424
701571268608
308174225408
484022583296
967609024512
605408460800
100718166016
770118582272
383233884160
11967697920
141102268416
505755009024
224332824576
361890152448
288008273920
554837147648
148164952064
208532340736
803233857536
951781949440
598395191296
227684646912
695978688512
313995952128
329917169664
917997944832
791916576768
742035685376
393624518656
647442595840
567450533888
140567330816
