431838855168
916103626752
953158533120
736116736000
913795317760
158409654272
391011794944
735257755648
477274636288
554400743424
813690847232
701911728128
31144124416
439299964928
314621591552
845176438784
880937926656
923447525376
382483824640
405259911168
203499028480
208368566272
50480672768
428633882624
49630158848
134083477504
541098180608
237307150336
421145280512
188863299584
225684471808
79132196864
974913208320
365727875072
788193083392
161275723776
561265836032
195215343616
984271880192
657271947264
769152909312
153230196736
339965706240
803752443904
666827554816
370844205056
778609623040
91731918848
738449031168
112893632512
403338985472
918520594432
575458639872
733206544384
2329336064
149150400512
770765422592
254342529024
735058919424
135422763008
50401423360
96718880768
554230546432
953536413696
85697060864
310542598144
289938407424
994942058496
991573704704
378897694720
133803278336
831674384384
951745445888
985778290688
975779921920
933778554880
16269508608
441641500672
668728950784
327537786880
927458131968
788161298432
626319949824
558832877568
304627351552
871804502016
418293088256
251889860608
512578060288
899973644288
856524259328
603311308800
853341503488
111329648640
117429108736
630978183168
849753407488
806023921664
844670763008
381336551424
