672284540928
86703767552
230284247040
387209428992
829336977408
666627538944
9019466752
590174879744
69977718784
115631185920
413296001024
265892560896
856581013504
557463109632
282783023104
734185062400
448262537216
948727250944
258954608640
250409746432
636627714048
802654060544
207639117824
790645440512
377338953728
935728709632
792728305664
384571244544
489026289664
64826851328
544912867328
350462345216
220884598784
407571005440
46043598848
854745677824
710720880640
86124576768
495760048128
239401304064
617932259328
587389730816
258686599168
745669001216
458839359488
713278488576
71455956992
960299532288
754076286976
760304893952
444669657088
562817794048
278516170752
21554851840
272396124160
161720270848
32646656000
692363919360
560262807552
336511565824
750210580480
788784807936
106477944832
574793056256
546288238592
466410962944
968868691968
775995588608
158392434688
101631787008
125541163008
970486448128
965772902400
745087500288
685997293568
556459622400
416393756672
330015768576
575348998144
891622719488
503090315264
438811295744
101473165312
459543248896
543720013824
302004436992
788198719488
255943507968
642351235072
997192630272
816267591680
9775656960
299470749696
204907921408
887580917760
573077454848
712096874496
211973537792
639046123520
448558497792
