277917466624
958808391680
692828831744
374313320448
84176216064
749628424192
5400622080
768258473984
119361830912
114276802560
650214899712
162162507776
465318215680
603612315648
912330063872
532198785024
664511905792
452203872256
190318379008
680943943680
625725603840
570914373632
357852479488
426883055616
623733964800
96711278592
426496425984
125296082944
851233538048
681739485184
995856547840
362062020608
176392454144
627853688832
337163616256
708919754752
814338736128
591169781760
790366060544
682362601472
468923940864
204786073600
839631437824
685440565248
200622129152
856002723840
837730762752
741394481152
616839315456
217774047232
128473088000
247310860288
553596026880
288589938688
331021090816
471619403776
507067138048
277123956736
622119485440
962649915392
257315127296
695219257344
550604308480
5795326976
402061197312
442423312384
808686387200
592336125952
393472278528
88752021504
655297282048
581371494400
110306795520
926355095552
250129973248
934443352064
189546446848
707195174912
828934062080
895127650304
410113376256
775726628864
637435445248
377546375168
421937938432
511229919232
241711087616
438390784000
34128680960
600707563520
92487401472
435825278976
915772473344
388383047680
554151051264
617160310784
613758271488
434961842176
403962068992
390852247552
