719940616192
41802637312
576932872192
511288115200
219608104960
953481494528
163531636736
476041281536
826034814976
167197802496
93523877888
855891050496
960763920384
559815196672
814838513664
991235342336
692993458176
141490536448
31467780096
879002255360
391194935296
813157515264
737831026688
726276374528
527022784512
671670534144
767228968960
816652484608
478418567168
780589072384
360203223040
935968178176
817376067584
639821611008
481122484224
225967439872
834614132736
360358084608
538415955968
157302816768
788373831680
198940082176
586053451776
800129548288
777275572224
670663180288
836060839936
674210775040
460253233152
476342583296
889914851328
799184519168
893933125632
333449199616
280852299776
284226748416
998778601472
471261249536
487869153280
616565374976
613661868032
815388688384
237159333888
936687828992
912630611968
582969655296
970703503360
613698437120
428905562112
615909621760
593500045312
955122253824
739477618688
400278945792
488208039936
312925618176
340459585536
104305737728
66478743552
308300414976
604726034432
630524411904
223958368256
68315328512
175672934400
534993993728
644578672640
434567348224
773548146688
23653021696
536325521408
22931142656
403707887616
118382477312
654318764032
134921715712
629235908608
568214618112
983154032640
870236880896
