353712472064
845654982656
922939293696
840729559040
142515961856
265618112512
243836387328
158198366208
839961083904
226181349376
430040383488
688693313536
867827056640
569258344448
524473729024
830180032512
835697770496
572194160640
866820489216
652365529088
306957582336
36122406912
109291929600
869346770944
111592685568
538302480384
249828786176
872496431104
47393427456
541300523008
637958553600
168546942976
768620888064
211806797824
836994662400
368882941952
816008462336
654048952320
601168609280
840866922496
449909620736
630931849216
71741890560
766042439680
875196710912
430372159488
264926576640
621114556416
72085020672
532918272000
757465546752
723242188800
531934609408
225536163840
586449289216
452465131520
581819432960
638475698176
861694459904
498338725888
579040313344
929678753792
110605770752
951181574144
508553854976
264294809600
2946318080
518768787456
947005816832
326432718848
355202072576
881537122304
994959491072
284373811200
470627713024
840117190656
850409947136
839631503360
686857191424
8961776640
620566020096
853404614656
172264439808
248452005888
732849569792
2986848256
199960313856
733010198528
702465966080
345384452096
876346998784
764619128832
953679872000
497854513152
440688443392
650686824448
93452075008
649049210880
570756759552
707922100224
