422671089664
833065713664
335363670016
457654665216
801828962304
339289309184
435442352128
479593398272
526009958400
649732227072
49520316416
287960367104
749942079488
275881164800
734776524800
389066326016
38017482752
959836389376
971174707200
533037056000
754434113536
773727059968
30340603904
934547619840
941980123136
859489435648
439048044544
80767139840
453311299584
802974072832
585630482432
691759218688
397354467328
336331636736
725890170880
35926020096
808638087168
780264275968
901036703744
724915716096
658958778368
120050343936
686174240768
529932091392
568242995200
460077334528
519970717696
148132724736
666751926272
99849666560
173352943616
543012782080
415674793984
246305144832
650438508544
919891935232
624303931392
676195074048
810721476608
795268087808
71357947904
313099223040
258881388544
19353167872
268703989760
107894120448
376488099840
635269414912
973166280704
5776653824
88223784960
777118810112
35266379776
722046025728
427252056064
825380241408
166187073536
106225049600
324432756736
741227888640
816822616064
337923440640
479167348736
365563019264
17368797184
917374894080
319811878912
78459559936
669840179200
3821881600
234362191872
925464264704
278332538880
934952173568
741819285504
756726366208
300368035840
285437100032
341562785792
645545852928
