193139621888
97636089856
969751855104
619464097792
332771393536
888890916864
589796802560
714660642816
301685178368
423066075136
471415586816
81880088576
158756454400
219676819456
108364021760
274163400704
864200359936
615451787264
899052077056
367936012288
900593483776
274979192832
575349653504
902642270208
708295983104
331104944128
880858890240
595813597184
838254329856
540824043520
629720088576
705282899968
689948721152
968117714944
154519486464
8982983680
977002364928
478890065920
705453162496
551410204672
551143079936
61209788416
752916561920
268810534912
898677014528
63944278016
711462158336
544452182016
608437862400
15484258304
243933282304
786591907840
249851101184
247543873536
469739012096
903945453568
610930393088
907330977792
511788974080
636860432384
713091645440
931947020288
234274832384
457104359424
553134522368
531217940480
180018200576
565944844288
834706735104
915676790784
779978080256
91771985920
411790704640
966496550912
907234050048
882620628992
204729384960
886802284544
485885345792
275066159104
37041565696
557644775424
336295788544
122993631232
153954205696
508248096768
126001643520
709669945344
422956138496
623993290752
455451115520
766847025152
397386153984
869205671936
739271442432
935498285056
920170332160
303157936128
175156281344
851699957760
