520936194048
374434529280
121380134912
35882119168
70767992832
397598097408
431260237824
190477991936
363815534592
647963344896
319757516800
164425711616
503100702720
613848055808
944104996864
572574138368
253920460800
641269170176
810400940032
408785125376
451743973376
461309149184
222885330944
33738717184
46632050688
744873787392
92832899072
242545180672
456920793088
467948404736
808980774912
539587608576
849340071936
858649919488
328589541376
604087910400
904923643904
51424292864
288145080320
854279192576
871085965312
341430501376
422543917056
695504273408
340052672512
265240788992
901847580672
353105575936
645594808320
512879001600
957944758272
177480908800
921702236160
50050105344
192153714688
527654944768
296232943616
786918080512
732113207296
626609160192
419462152192
900255973376
601996328960
751925198848
606822531072
866920628224
335230566400
219853078528
70527393792
353908785152
144571351040
810632871936
306903973888
135573397504
582161399808
387343122432
75512782848
143362424832
492094750720
636687089664
799882215424
621066518528
265194176512
118498500608
604352544768
353291042816
762524663808
752384933888
333562118144
179020742656
801674035200
735597101056
181007302656
189794893824
882821431296
579655434240
269494321152
390948880384
678204801024
588994641920
