232769142784
150922870784
560525148160
746561077248
452300177408
809367240704
34714959872
454333464576
982355542016
449023180800
732717907968
790534881280
519554564096
153268240384
979372277760
309505916928
866045591552
627972243456
329138929664
838295748608
236549144576
681397059584
240399433728
393426042880
311687479296
531388104704
40141369344
656008347648
532886913024
230437830656
968588656640
69538029568
725652471808
40681910272
740857806848
597363523584
888441798656
41725394944
278726082560
549142134784
431183691776
904198553600
865258635264
402049925120
253275635712
803422535680
122909327360
737083981824
170158243840
849682104320
607086772224
307829538816
690818842624
592220913664
456234565632
934666305536
936710307840
290166865920
834331869184
615840874496
437412265984
587671076864
988098920448
978741559296
710199214080
318798790656
50886234112
244924104704
439297769472
277790687232
828345483264
2291659776
515926720512
179864535040
983329079296
811535106048
471010967552
281594822656
763865595904
288853491712
760636506112
18179387392
540955017216
830690754560
419753459712
796683010048
851467894784
620860669952
806158139392
99197288448
208891363328
837184520192
561071128576
922885095424
930444607488
982376972288
810593615872
646992363520
814958016
696999280640
