693449850880
811457642496
168452702208
184438554624
858881982464
230097207296
243779551232
202880434176
811389222912
18132940800
760337268736
988625764352
833707114496
115224707072
581673943040
193697988608
482047655936
774607405056
826780418048
698357645312
296858157056
295102316544
784892690432
690928812032
440190992384
290308751360
218948321280
864510148608
823031824384
696366858240
837666013184
653223919616
734313644032
609381384192
872780529664
823388274688
687288156160
252196077568
659652476928
778648223744
741508448256
531771850752
489163554816
371891798016
385639481344
442944356352
565423112192
66582614016
53948575744
713758015488
130824060928
759933435904
202318397440
365305823232
695506829312
383082070016
460000002048
219909062656
11530902528
799866159104
350485479424
609244676096
575694241792
693341519872
991591989248
686575779840
278868557824
943705882624
864381698048
664182652928
918272081920
398775779328
224883752960
621244121088
250547077120
944710156288
743293190144
528812998656
759701045248
296091418624
408327946240
767540723712
57087602688
471367942144
281461653504
526087454720
952165269504
42071949312
103258783744
470296199168
268462358528
46728503296
365918289920
988739862528
750510145536
824145543168
414764630016
949408169984
702765727744
382686134272
