397867319296
956263432192
919599906816
715370332160
229338054656
484481040384
673021820928
477035921408
542658691072
464253157376
702991826944
184071094272
682773184512
368424124416
104217239552
579124199424
340890517504
346874806272
924853141504
7091611136
188708798464
628629110784
368741515264
438427877376
657851154432
504733663232
58639736832
558088978432
800758038528
340737490944
774840320000
740771168256
140821397504
785303863296
602027655168
278624206848
836889018368
593893720064
571808743424
389396430848
585848913920
362490757120
382287151104
100152877056
269415022592
58384314368
265168879616
693205794816
709407014912
4477640704
255705825280
647936671744
872417853440
727530995712
614094667776
89607569408
34348986368
303401992192
277746876416
91782373376
586436182016
232238940160
239998828544
660314521600
905632284672
961045200896
286496161792
141223084032
536337776640
229617729536
185154961408
899336306688
145652695040
984894537728
122387660800
969484206080
121461833728
409018597376
375697702912
351377227776
596906213376
202281959424
753056808960
625878171648
134332063744
718829715456
371693551616
53343641600
546584297472
442549600256
930712518656
485137711104
709321621504
568221499392
98514739200
737234124800
693457977344
947957334016
319015714816
696862965760
