379541258240
949978660864
291030663168
352309477376
265148727296
354926624768
251590164480
475636400128
21053706240
849634066432
799507283968
318084382720
44437499904
861058105344
803307716608
193106673664
543896961024
276627357696
276102807552
459987419136
8542302720
570486554624
166929629184
586372612096
164463902720
144949100544
159391449088
892183511040
928543342592
27827875840
703099043840
986421329920
783080226816
229283069952
560398139392
611762372608
889828409344
345632079872
38230200320
534984523776
485100814336
89058361344
803897802752
109914816512
338328780800
291591356416
775563313152
892046868480
631456989184
897781137408
7402915328
420800987136
402296340480
394340630528
683271520256
744173142016
318936907776
372516061184
877474480128
713284386816
170224746496
967185924096
493242384384
924969795584
967205781504
827749236736
981572780032
294281707520
993037778944
986067042304
828864593920
726979444736
342930718720
636546449408
436044824576
605224697856
11704997888
725903015936
251800780800
15448435712
641866334208
847625584640
43625287680
210195251200
751699361792
811659558912
562694258688
202391732224
597880733696
581761499136
665274548224
269276610560
732129067008
893785735168
856473796608
754745081856
199909328
359875969024
435525451776
876028952576
