386727968768
736863322112
462149713920
350264492032
895115984896
213726314496
98008752128
233085599744
469786001408
693649604608
168367407104
751156461568
686050443264
449417019392
351869763584
874856972288
720800972800
502342516736
870413565952
41342906368
850209013760
462263615488
264375271424
355037675520
118586187776
78073528320
181873983488
755904675840
489526394880
469901312000
631724703744
396996476928
319512870912
52819152896
731486289920
91016921088
721348591616
706097971200
388505468928
611007004672
194800025600
4089651968
734782816256
494393622528
273570299904
896262537216
484650090496
514518188032
507163705344
900172021760
191700221952
905577365504
38973669376
30448300032
744583397376
212395114496
724774748160
289658503168
290832384000
20170141696
999544520704
344159518720
288722681856
562170232832
395801034752
227923804160
715382784000
438928211968
66447527936
783550119936
127568822272
49276567552
191263031296
557814054912
181188820992
240521461760
444177416192
289852424192
549568249856
592859365376
187994734592
627439697920
378269138944
569214369792
786055823360
239868706816
473548652544
932247175168
277970681856
853135458304
647417692160
150085877760
493401243648
594614812672
690581471232
603597897728
669423108096
993868185600
942126989312
328059355136
