726195306496
164577099776
47359451136
970319921152
167086735360
226660892672
489596289024
645234163712
450596896768
181862432768
561724588032
905464774656
146252349440
63301550080
909068992512
723140870144
828846243840
418996125696
67891707904
55907426304
636053356544
148898070528
529804591104
426165731328
567462592512
343285956608
607025233920
273872224256
970551656448
61895041024
270005911552
989397254144
800686145536
131829530624
658857000960
409072959488
289543716864
361209757696
852352237568
484935991296
319533252608
395269734400
298944331776
357494882304
416521027584
469338161152
166662406144
95234088960
599351361536
297623420928
157137567744
11296266240
856346525696
615947042816
221918363648
781821214720
68823261184
712621752320
33536071680
640791805952
787918487552
546746662912
171385389056
474379943936
904038055936
168119615488
586424451072
35930128384
877658832896
812017844224
584373174272
560429137920
133225512960
121114574848
572644589568
437870100480
283246067712
516726685696
624792109056
881118019584
950139289600
991292424192
651512381440
969017786368
282092994560
136609333248
993062486016
401584652288
433112678400
324745396224
995734781952
314715111424
417165344768
297988784128
297252978688
930681716736
967032045568
907746541568
495892168704
459781406720
