588580126720
266470916096
576469925888
729607438336
512235208704
137676193792
923861450752
339554762752
896660668416
175741911040
694188900352
232531755008
161258946560
279187849216
310255091712
457249325056
989217161216
772382130176
426236575744
757908111360
161627045888
465768382464
169488711680
596732739584
286849859584
85444452352
64886001664
539088715776
464152395776
9357718528
275179110400
935444807680
21225756672
741274025984
592243654656
838897106944
343279763456
503333683200
529717133312
955637956608
406297182208
636877406208
999137607680
506565918720
853195751424
660776026112
662894673920
270519042048
613696208896
392481669120
439043653632
6330541056
397408272384
240754688000
364225757184
542564220928
876533252096
894986813440
43568025600
247810113536
944504766464
292005249024
731922038784
413508861952
843615502336
646439436288
707635380224
228140105728
350793957376
793823019008
783449718784
439029661696
771484680192
342999465984
791851565056
649717153792
796071165952
568229167104
227188080640
350008967168
600560173056
614776307712
545166000128
604845375488
636368125952
438294937600
423156645888
993933983744
48572100608
351320309760
640390791168
48428474368
937394110464
782704902144
920877268992
183954292736
719833661440
244242153472
977752227840
80886382592
