155853094912
422929727488
180003373056
316729753600
276918861824
175402156032
983827218432
184631066624
94420467712
924782362624
818054823936
47169560576
778843914240
30148767744
710349553664
845549862912
157326049280
178800082944
93039403008
713156460544
20610678784
403681116160
668632350720
703785271296
519476477952
840754790400
566149447680
274552520704
404321501184
431189229568
997754994688
267978096640
908071469056
956952608768
502978576384
561022697472
108426190848
318983700480
158917476352
925964894208
691663863808
794130579456
951968333824
731243872256
15051634688
972821430272
209904123904
858449838080
966529974272
469519564800
215009755136
669102505984
605530292224
148057227264
397807878144
957493477376
593228201984
386573107200
134102491136
860711419904
977499324416
831293095936
542950817792
374125920256
934383452160
182950133760
843035312128
894814650368
149760163840
19106385920
121017851904
947076399104
513121648640
35404873728
49725620224
738512601088
182280896512
595173113856
74139992064
70834520064
515759276032
366590033920
278465314816
166813581312
635939651584
237667385344
475788902400
584064434176
370646319104
452840947712
897887240192
790414229504
491233542144
162404122624
526045544448
248065982464
244961640448
70447505408
11177720832
863948570624
