282748551168
155018067968
388864376832
643674210304
231892025344
409306759168
218921091072
406965026816
860861431808
498020679680
233653534720
14990322688
942362525696
287028248576
83703029760
796910288896
671205687296
953741869056
539708620800
882583863296
586782736384
57663856640
156460793856
636599926784
334277214208
197169905664
834533326848
1543859072
947638566912
961263304704
952469291008
151180574720
892123152384
913862426624
285132914688
228681826304
455467565056
43516968960
389734793216
272950558720
480085114880
790108110848
346366214144
377385713664
721762320384
658942722048
849500569600
556375867392
9549106176
491832508416
229447237632
319858540544
862794809344
992354500608
502396289024
774633160704
259696033792
711108788224
605255368704
527149662208
804630102016
418320547840
713136930816
692122288128
499637190656
402049171456
240448208896
212987789312
685786267648
9517740032
964656103424
975575711744
500960821248
648558542848
324009689088
630564454400
896329580544
611232514048
984508006400
626477694976
210712051712
437224013824
423571718144
970343907328
569847316480
424314306560
450687107072
698323173376
718168588288
259509239808
571764244480
641524236288
97889517568
229112446976
692980809728
928480231424
967487848448
568948097024
310554361856
487256817664
