633380405248
224881098752
576688619520
405919170560
283610873856
648092123136
484930387968
225053310976
471091314688
631494803456
533102329856
850431049728
194040823808
244055474176
840371994624
133140054016
684983648256
520058077184
616852619264
442688241664
261428740096
833060077568
241087250432
953458688000
780117803008
439800168448
721300488192
897234829312
826563035136
45352833024
245015609344
977335877632
83916595200
386263252992
926217273344
933422891008
39161737216
191307530240
305694113792
800686014464
129505099776
592133881856
994292269056
70454534144
129340243968
821473968128
512685015040
696712298496
644237230080
695154245632
457377873920
149858549760
672630374400
898745565184
217128484864
278393880576
966256361472
870776307712
136847990784
4201976064
622612643840
250422771712
855758274560
729184337920
401055252480
535689101312
327219249152
573986701312
994937733120
917778857984
109093306368
531220299776
219580497920
489463906304
419610394624
392093663232
918363242496
930458894336
222325686272
627640303616
750565523456
755209601024
807731068928
536563089408
15709947904
37084880896
285606707200
192122109952
996432281600
37324926976
320068780032
395758764032
517602508800
345730940928
699885813760
980474200064
829082632192
391817691136
279908941824
429560070144
