558816296960
25703372800
996572856320
400215375872
419838230528
221003956224
413532061696
233446998016
543666831360
408733941760
591211200512
486889455616
150894018560
75783340032
690576818176
525459390464
396146278400
30331361280
779209867264
179961020416
605054500864
151229644800
716638978048
551381041152
61431472128
478730092544
16696182784
612755832832
587097636864
349737353216
35736383488
621388300288
673731837952
411599470592
751940599808
865358839808
86214164480
1443940736
268311019520
503448076288
451669917696
216423383040
427689902080
184374411264
780697862144
189789241344
787778043904
184756256768
198461571072
543746818048
752873701376
548635836416
922949844992
17801211904
184972689408
836032790528
203071160320
16944818176
791551737856
610623160320
744259518464
769875312640
294597722112
303761522688
319891767296
421135810560
29698441216
141687013376
333694730240
407180247040
478420598784
815220719616
414915756032
489518923776
344209850368
134847119360
375522000896
398394163200
810986307584
246953918464
554480500736
153995706368
205820231680
220596633600
567642488832
367864610816
700631089152
506687684608
900534829056
288465354752
237154271232
851779584000
859167064064
20829145088
75422261248
621939720192
940693061632
228868341760
590186741760
268415336448
