889814122496
106207780864
34215323648
56967946240
460264964096
673731444736
404469645312
921015549952
508910370816
255943983104
650490609664
796492300288
645802688512
5912857600
377397641216
922461667328
813981827072
592382984192
180358938624
292585308160
481206730752
641585446912
126657929216
739826073600
256978026496
29671450624
688078454784
535031742464
278311141376
575424430080
158907564032
759435427840
830607720448
24084873216
794461274112
509966188544
1484945408
957477617664
326458605568
789526478848
571090141184
312314724352
73444900864
388467916800
980162510848
591386705920
437094121472
240899096576
791222026240
68356333568
864972570624
594146951168
827725709312
586286366720
715215994880
635029684224
943853993984
354004598784
755355549696
260499570688
216291573760
212475232256
71129423872
472277221376
563198951424
685064650752
881862049792
455065174016
279960846336
301683703808
397904281600
577426751488
810769252352
598582296576
373008531456
154579976192
25722267648
314135642112
677507104768
861391618048
408756879360
976957341696
721391452160
426014375936
23485581312
722174476288
585835151360
131190251520
914496356352
940460736512
323416162304
655449784320
145376133120
336618160128
541564764160
78499545088
341859205120
627538591744
40957796352
377692028928
