679691026432
566719021056
847485665280
691417841664
659506593792
327718993920
973160120320
902257246208
237900021760
385522106368
469971402752
809796763648
254094508032
566241591296
822577070080
52665049088
141498138624
159248924672
496469278720
159290408960
193861386240
228516265984
672911523840
624471703552
495902851072
639647023104
547564519424
916837761024
291695788032
531409207296
394816782336
685491421184
54878150656
337116332032
914253676544
861944020992
693570043904
831920930816
95377522688
10021752832
435589513216
952874762240
966281199616
288046972928
205560643584
857560121344
13046257664
268452642816
883736576000
959942426624
752299802624
902862733312
413659234304
370750193664
198230867968
666172129280
355738189824
891754315776
715088396288
490025353216
856106467328
580929323008
679098712064
612673060864
196257890304
506330841088
902718488576
989143957504
542436884480
736678707200
359103856640
458794729472
963340075008
857520537600
347116142592
981135130624
938081648640
337517314048
653602914304
103616430080
481354776576
129721286656
225651032064
517042339840
930968764416
791487840256
535718330368
818284789760
912503799808
450878832640
920306384896
589404766208
125366452224
34024880128
856123768832
872594604032
697849479168
756215316480
710724288512
142967488512
