179300433920
502410543104
14213986304
894466654208
301231800320
803093807104
597821358080
583242022912
548112105472
119849689088
313697796096
318567710720
167645282304
614429949952
724162969600
7233717248
577089699840
146974507008
200521089024
157837115392
768459472896
498584584192
711214563328
382600380416
364223627264
506484621312
487329955840
554451533824
666459832320
190845632512
542655807488
416324485120
165577261056
857077972992
909365215232
701862182912
198160171008
477894541312
973364396032
335685451776
865558462464
440369053696
282846232576
796849471488
649136570368
39374897152
773867175936
385905557504
914947375104
520643706880
458895491072
656629891072
978749816832
847810330624
147727679488
859266416640
690193694720
85633196032
237163921408
13832368128
480608354304
584630468608
885053849600
100357562368
709605195776
334691663872
163014197248
779794579456
7352903680
580256727040
375387553792
138342219776
117753061376
75642372096
321284440064
827779252224
485747523584
958593892352
87893590016
227565551616
694298673152
77762666496
957107273728
101607096320
710508806144
521581232128
215536893952
528591618048
39397322752
150808608768
640395968512
134080258048
486947520512
127350988800
387921018880
788600520704
9168829440
100521992192
473213566976
300751847424
