767205507072
423440023552
756866613248
657991335936
860275146752
644426104832
869936594944
24213721088
960017596416
15945388032
994136358912
448980844544
21050535936
796383444992
816396697600
179472171008
388939874304
912774725632
5003958784
101537947648
548363370496
343882039296
625638834176
111852175360
899546742784
682271571968
938289594368
833407746048
84348452864
644539809792
780932481024
132095787008
133959262208
453257658368
901564203008
589343293440
93170089984
909760069632
336995450880
882645598208
625208918016
886008053760
137425600512
712053882880
489638789120
358889455616
855346511872
808772108288
32654176256
818775392256
158616862720
873675685888
867141353472
45203501056
735255527424
439434117120
569195102208
461958021120
128523919360
101551235072
771634102272
853902229504
534270410752
482815672320
683295637504
149939126272
27100973056
486050562048
52214165504
563475251200
328199110656
42358145024
913353146368
726426779648
55088738304
876458737664
642799042560
523616256000
418680176640
757997568000
665088229376
137946284032
463093006336
204375474176
938691198976
583056424960
429750059008
808928542720
662306422784
384053739520
791269081088
859351810048
126144634880
112850550784
679258947584
305437147136
482259763200
340301250560
443058421760
483149709312
