296962457600
48467316736
590183727104
218076102656
205196214272
732807888896
302338965504
411014594560
922146045952
508055617536
891222360064
774150160384
142397128704
268766969856
166418382848
993872248832
10701622272
862159044608
307403882496
537133875200
608506347520
167087538176
240231809024
576120946688
864862863360
749925629952
252094592
236953698304
480829276160
297671393280
963269296128
666550599680
715743232000
496835395584
312906285056
15931360256
758382592000
136188608512
921930039296
878459486208
268904153088
471902420992
263965671424
470908534784
559370928128
347433533440
315283177472
964506288128
456517877760
696166776832
474714308608
523347722240
905393078272
940944523264
454700761088
155819065344
850923880448
477681352704
390546456576
914726977536
816321396736
913776115712
834765783040
908858687488
188369027072
918369140736
30832060416
194458615808
265897459712
938507501568
495029420032
959295717376
883766067200
455703789568
13489735680
721997135872
606265868288
511404048384
167888814080
707386277888
41228214272
922582056960
836581720064
429123928064
286195056640
80778805248
649440133120
139944968192
55004704768
464065232896
544323993600
453541003264
663972478976
385730740224
976568320000
184236507136
463098675200
299199758336
650532356096
497140170752
