161965490176
154067484672
412364636160
612167974912
706533392384
706802483200
229019484160
130688802816
486748913664
788676608000
288263634944
847389392896
73441206272
326412632064
17040326656
396787089408
800198098944
929473626112
663833608192
51594371072
146632540160
452945051648
647753826304
798314004480
262801850368
910800322560
821589573632
456700329984
762522566656
717033177088
177373118464
109780393984
79028142080
225985740800
142362673152
689263476736
450895347712
197790302208
261683347456
112064880640
474452230144
118526238720
70545891328
664717361152
904751874048
164793221120
679593115648
920872747008
108328091648
670186799104
830013767680
41527406592
951071277056
654690418688
382266179584
747856658432
227419553792
240411033600
588130484224
708780883968
480593674240
338123358208
839340720128
799524388864
606400020480
765014900736
605522427904
15517663232
805365678080
781362135040
353244086272
973407518720
60282032128
160135872512
403519143936
946660245504
518758072320
766443585536
618122510336
784813719552
364343558144
522025172992
676986028032
104287035392
752234332160
803030827008
539829239808
910427422720
553841786880
419065888768
240242688000
758882369536
535291559936
645409538048
398132772864
417481752576
615748403200
883549274112
812137578496
596219658240
