664249237504
37348962304
724026785792
718693793792
86307627008
572290170880
480844808192
558876459008
36948541440
994178826240
163896197120
603384053760
75749982208
129997520896
868308090880
653733462016
297332080640
260295720960
790321889280
940328878080
108154519552
752978165760
303323512832
958127079424
242247974912
461850181632
316195078144
290564308992
513989312512
618803101696
223404589056
760915296256
702652678144
484048109568
396290588672
456216248320
626636095488
872444592128
175895904256
282439614464
962910748672
641756758016
5666125312
230572425216
230800687104
67200811008
444032909312
861314351104
110831804416
750171652096
134758621184
888136204288
904833138688
530713804800
706682159104
206544797696
398552399872
470597894144
338885246976
644306042880
852376879104
897808334848
464008970240
598436806656
928003850240
960337346560
389436604416
261021941760
995936108544
697827590144
388383768576
566219309056
448429654016
757165064192
673465303040
931042164736
25917558784
596428783616
178938642432
421861654528
228934123520
695888314368
795586396160
420563943424
418228273152
162521858048
504770887680
683966660608
427361566720
666001408000
486278168576
877109510144
579758784512
5656939520
76181643264
384853999616
241009868800
652880510976
962021949440
702963122176
