135276855296
598125969408
703871057920
960600604672
814450147328
463362523136
733894541312
565116796928
918882156544
652250906624
380348071936
510352982016
502732521472
425021308928
333526171648
574363271168
323699900416
424009695232
330465017856
125799669760
315044921344
959651315712
860333801472
629930393600
239757361152
601989840896
643279552512
599247552512
553837920256
354099167232
345063292928
479102795776
280546476032
144571777024
817927028736
900122542080
359733690368
44084391936
926408376320
145474453504
988944728064
194010890240
740937367552
933661310976
45002752000
361252945920
578201059328
825559547904
179534888960
443104854016
263610892288
508271689728
522407247872
98639405056
832525303808
253175234560
116026032128
49634508800
207197421568
367115010048
102227091456
130677710848
300395233280
742403145728
569936838656
929098104832
352751190016
689226973184
837683642368
949013708800
73478725632
956928425984
95866511360
228359061504
30776248320
256421298176
672761708544
107010457600
524817596416
609288454144
311529472000
876182765568
3984766976
971979227136
54530043904
486404423680
999198228480
524862652416
366348828672
224852164608
90209345536
148545978368
612388569088
414541938688
206220083200
940990332928
224792018944
79558983680
147811909632
274712231936
