243861815296
585361588224
172437946368
164666753024
554240770048
124511223808
660216872960
264411299840
960720404480
828010528768
373958213632
115583533056
612407967744
740956307456
252750184448
972163121152
145844158464
202729734144
278596091904
364520701952
499152551936
256982319104
102034063360
886467657728
861840736256
957430890496
541301538816
655544352768
733956931584
613779898368
798653218816
964977098752
370174656512
525261111296
63067779072
980192526336
95804071936
179077726208
759519903744
250874609664
449574797312
3490611456
666706575360
337592614912
918938910720
607052234752
727426007040
848450093056
901526847488
962451144704
916339818496
923452178432
461428359168
226928918528
994384019456
612249239552
73604448256
69946368000
588673908736
842482515968
603943862272
484548509696
806600900608
541808361472
173130727424
808011104256
242425872384
451578003456
672030261248
812880035840
74935017472
432865214464
165296226304
133621497856
776549367808
466152521728
625390256128
934331940864
316680634368
451416915968
964122181632
1258086912
144666181632
404519944192
766686068736
693070331904
433428430848
631845552128
427563614208
61722193920
364873285632
425514172416
616297988096
120159805440
525864075264
197026349056
422094143488
136037662720
385098547200
351348588544
