36288425984
899541237760
590037843968
765456285696
24685699072
892543696896
982646915072
346921598976
711293665280
713270951936
945114841088
545785544704
17360101376
771225288704
983156064256
904672837632
837276663808
108430442496
390516703232
414301093888
158609735680
753869586432
286680481792
238931345408
719036022784
838563790848
741970804736
302972993536
67438104576
432170696704
492783009792
204099977216
308446789632
65297403904
453427691520
759229906944
376541413376
531279151104
208379641856
236693471232
107227168768
167061143552
796672327680
671977963520
933227397120
753698865152
417071759360
725068546048
227205316608
639842844672
839468449792
946673156096
735501549568
573948428288
351915343872
641567227904
820216397824
377731317760
530587484160
583755956224
186897612800
188091056128
246363258880
627435503616
308137033728
859094777856
806763560960
276036550656
346334232576
838978437120
711164755968
546407579648
472325062656
367045345280
931284844544
104504672256
410115014656
802915418112
599711481856
350435672064
772496293888
344612700160
905924378624
871387561984
410155089920
476421488640
215607918592
722042486784
368249044992
161995456512
657663066112
342880485376
792229904384
7922143744
147460980736
376822988800
263563755520
715820498944
795206615040
37345869824
