329534996480
494763671552
493045088256
608819740672
433302700032
518655344640
40924868608
824281661440
701402775552
476507734016
665356664832
650380378112
942527152128
53782822912
927954042880
123596709888
289892859904
229210112000
334381744128
954174144512
804895850496
885165981696
984955158528
140527878144
851881558016
573431480320
663330684928
598379921408
970885824512
678074122240
392164081664
101788508160
759403970560
303094759424
114088443904
484534648832
573774299136
424148893696
670400708608
425236496384
949880094720
634744012800
141742505984
266417913856
686157791232
253903831040
361992978432
15968849920
388467949568
980436451328
195209330688
883280379904
293653741568
438075326464
731927871488
511534137344
354412036096
603099955200
300537741312
137788702720
814602715136
27641104384
564028440576
626512756736
800006340608
706520023040
481911734272
490677207040
811755503616
175208071168
722109595648
496044507136
20342464512
895802015744
744190902272
616675475456
464590405632
370746720256
140253118464
234237607936
831511396352
211577044992
975393587200
440373018624
349589536768
551106772992
451324313600
407699947520
212867842048
669846601728
111434457088
878949171200
498644484096
717646462976
484466655232
430631321600
620199346176
690224955392
611017359360
368881958912
