799111315456
663964418048
249277988864
615232045056
205444038656
898048589824
502415491072
97118715904
274256461824
428409815040
283941306368
201167241216
17902764032
891731640320
333795491840
100524802048
520414396416
605152149504
792059248640
140074352640
229600526336
896189726720
261122490368
685946568704
704723681280
290447917056
558406631424
140141969408
365942374400
393801433088
620273270784
933201117184
310992470016
850547638272
154413268992
223842926592
128291430400
194134638592
820912390144
73927139328
493455900672
513563557888
463051915264
513714061312
991963119616
924583395328
472908038144
165761417216
952031313920
790762094592
337734860800
310129557504
347463647232
821516238848
223256707072
275573440512
562649956352
457931849728
460397019136
892303638528
947425705984
384119504896
896407175168
915802161152
886875815936
722029117440
142552219648
875261001728
511381569536
790376087552
850637422592
662906798080
474818576384
276117913600
713812213760
42087362560
362295951360
108008177664
293416337408
448794886144
895942131712
99888930816
833217626112
888544493568
767204982784
414878007296
854526459904
25768847360
97030823936
797068427264
328586756096
557403537408
282017333248
865677410304
440108154880
897708064768
779539447808
720294772736
994507816960
692443414528
