779970674688
966769246208
490238476288
438290448384
347326971904
524304678912
988605382656
490192076800
658627493888
552872116224
122107600896
262463143936
218001096704
944485564416
968204877824
619013210112
754513674240
111707471872
467525992448
709219450880
851233472512
680862941184
263624343552
734265933824
807577649152
957923131392
813734756352
439922753536
781490454528
509972316160
104761712640
730129956864
294290259968
136667308032
967555022848
697737543680
874200432640
687271706624
975533965312
798841569280
130508677120
459344936960
209929322496
281926860800
344708612096
517898207232
314997997568
171551621120
268143362048
685195984896
88772935680
6716911616
891134672896
300484001792
234578722816
564624228352
639827836928
586903715840
90711973888
596148944896
475541176320
420396826624
609665220608
643406561280
734453235712
956274769920
109311082496
191354929152
102348054528
163678863360
950856646656
47712509952
904155758592
144990060544
847869313024
139868684288
773131468800
21283049472
704206995456
607083429888
250923991040
279561240576
585923166208
611125362688
184083087360
884466515968
228762353664
808975532032
451674013696
285365862400
144065658880
311657627648
29710024704
336383606784
599250370560
600780505088
317752475648
465785815040
462594048000
818436440064
