137016565760
837418090496
485760532480
177505288192
331365744640
264032665600
597138669568
110160322560
464508026880
986567278592
235504320512
121348874240
510529273856
465201070080
634740408320
82504728576
656899440640
509474111488
731055325184
846773026816
713887514624
307767803904
653394444288
600713527296
192751026176
566429220864
975555133440
155223130112
835229581312
703296372736
302336573440
370849677312
870217285632
741542133760
98745319424
612687806464
443852914688
835796533248
232691417088
844717490176
166759661568
729497337856
662582460416
22977593344
184435179520
801976483840
818839617536
237481869312
357771214848
60805967872
965889163264
698932789248
963269492736
669540286464
963178332160
138068492288
517256675328
533016018944
400791764992
107232002048
248251891712
369686544384
321590394880
969696018432
681019768832
899670736896
765917200384
769778122752
660757086208
343570972672
397225033728
160945340416
8449038336
2989978624
252569174016
930022096896
881441767424
391571210240
137716924416
608269631488
187590082560
826481311744
671128420352
656333340672
994416918528
165902286848
319813287936
101649088512
416306429952
862391500800
214703079424
514788753408
54401630208
328150056960
217975357440
511976898560
795418689536
602092732416
372273217536
795866365952
