126011940864
882593562624
750385168384
723587235840
330115973120
258957623296
300608061440
320000917504
255190663168
989585276928
959706169344
781560053760
679897137152
31022295040
391718305792
609260863488
847151890432
81523302400
162192326656
966401523712
310498164736
543083659264
606895144960
86887251968
314108510208
221871505408
994441494528
578109308928
283576991744
78363787264
60104720384
180018806784
576087785472
307680116736
180174372864
190549065728
558111653888
182896197632
936319188992
715907072000
250762575872
566722494464
905494659072
649503506432
206154727424
842496802816
843923783680
827746353152
932595367936
130803523584
414931484672
753541447680
771492806656
480391364608
937722445824
301148274688
399137079296
297081929728
55704068096
218246610944
70664790016
663180738560
78954233856
983815749632
990779736064
34945949696
336556982272
512937197568
935466106880
378757775360
782049804288
910177468416
352873742336
748986499072
215842734080
668919595008
532498612224
704005013504
212442710016
524543655936
4691087360
843102224384
18501265408
950768435200
564451147776
731008991232
68722327552
16217067520
560267067392
409179422720
78573461504
584201404416
672952811520
318592385024
582333235200
275672498176
227764813824
43123814400
781931249664
918421241856
