567082876928
962227929088
165294080000
97737596928
675790782464
15750255616
714535403520
196548378624
388811325440
751851536384
369395302400
427237343232
577738309632
47494651904
242620153856
716958400512
920301666304
510248845312
752177184768
841796222976
68689518592
464755458048
144638951424
946966953984
672977846272
739118874624
370765791232
460844695552
416653312000
692324466688
896931069952
719739748352
665522601984
438203514880
886503833600
469996601344
232796356608
608468074496
522695606272
944907223040
56312700928
447600820224
826666057728
776686600192
771433037824
475501199360
748800442368
88989081600
639498387456
49332662272
134097920000
783613886464
198748340224
363264147456
380501196800
84070178816
967438958592
746435837952
346709458944
145920753664
490042228736
140141035520
350336614400
107451850752
943260827648
384838041600
973121060864
245930115072
347448541184
567597531136
611258204160
416500121600
117769838592
357681233920
548555784192
576775192576
860551643136
291528507392
720091283456
574400036864
942100447232
882339741696
484998283264
365973602304
918309044224
19759069184
90683973632
125533716480
845264519168
361162604544
59932401664
283886518272
280661000192
69412511744
616156364800
739879157760
149129330688
416755253248
405571469312
439520100352
