73260564480
290321367040
431348187136
668542631936
195870900224
2297121536
607722143744
986581696512
478153080832
318932484096
297938583552
453891260416
550169149440
693117583360
228180590592
31155875840
636821831680
65318756352
812298010624
292967383040
902985351168
474428342272
717283983360
391223377920
291059073024
829788454912
254065573888
80028409856
37488664576
72023678976
502052356096
994624667648
657018650624
512508100608
723325943808
939303698432
876751224832
557907640320
753788190720
917519794176
755198001152
612760616960
667184857088
375923408896
144998400000
988188311552
480872300544
20953145344
159498305536
688006561792
326335102976
713848127488
645069930496
691183419392
720056680448
992830423040
500601356288
606452842496
652345147392
965328764928
280132157440
181372796928
332438208512
288912408576
750860107776
705286373376
748740345856
79982247936
261699829760
388773969920
124489809920
300297781248
104610177024
183163322368
425743712256
474244087808
620522700800
124597510144
110356971520
769638531072
315264598016
652304515072
282611056640
844259065856
462301757440
905480110080
404491239424
284159115264
862280155136
342893821952
16611905536
196308205568
352048316416
876105170944
700260352000
275692519424
564353433600
88778489856
100022886400
84644921344
