627135217664
261451513856
215628677120
71247265792
452818206720
515866460160
167899332608
884246577152
532164706304
91653021696
412262957056
903154958336
325887754240
195016032256
634311933952
880124035072
245067186176
844012322816
315500003328
608432488448
924526182400
511759450112
141537345536
818017927168
426710663168
726075506688
151415799808
845190922240
124502343680
510952341504
575715868672
56015511552
452694540288
437206253568
125981884416
377487523840
433076207616
711698022400
509251780608
994222276608
893681664000
107515035648
5228705280
878848966656
814895005696
940980895744
66660233216
358549520384
142276952064
248796708864
526374207488
771424321536
328952414208
703717441536
379330985984
415778144256
982812131328
123333918720
873175252992
456924987392
538064846848
256024723456
7669177856
895872008192
920329846784
983939809280
76804538368
853922086912
867924180992
201799811072
649391439872
322363293696
959966281728
154082115584
658292604928
924084797440
92572729344
869897928704
373920694272
485200789504
769724186624
754674761728
819224248320
702258544640
859222179840
947072139264
441111216128
756216168448
725156102144
698648821760
190929469440
951699701760
216626200576
836574642176
309529182208
257254473728
675850354688
16774189056
923790082048
139678416896
