88406130688
841784098816
865423065088
165321785344
563210878976
885740601344
642287796224
931131555840
527993503744
986418184192
730400948224
848431022080
580974477312
437724381184
833553367040
531348881408
380918464512
96575299584
140993101824
671175802880
451414196224
918314483712
110584086528
586715365376
925297803264
480045531136
124952780800
81289740288
236657672192
505700220928
304202252288
727213735936
281488457728
976127197184
769596850176
614914129920
861794795520
184749129728
78553776128
253294673920
123732369408
569964625920
396105449472
344107483136
414407655424
949705637888
702837358592
587086102528
156222554112
632386748416
524191727616
90569932800
208887185408
767099404288
640178323456
477224894464
718513242112
51765997568
31080054784
362454188032
767275368448
597685043200
291986276352
413717495808
350118543360
442425737216
849375657984
457296707584
785542348800
610787852288
512164593664
950181167104
695266508800
344018092032
912143941632
402809356288
16847320064
152913543168
17768521728
635530313728
357153996800
687031779328
943083290624
400416505856
799906267136
24022806528
751292317696
969722298368
123694891008
940043665408
314151174144
938540007424
41239547904
113068056576
334807334912
107060846592
371755941888
102570180608
897076101120
158859018240
