449765736448
212787232768
315188150272
367222554624
909335724032
205959970816
569290063872
57864286208
525055361024
605221355520
954635059200
552351891456
377791315968
538686455808
703171133440
197238898688
994283880448
928679854080
322308046848
31062386688
65545199616
618206593024
198576898048
481931493376
823031758848
695466786816
710820429824
758611836928
989548445696
341149057024
692474150912
413257433088
617845686272
133109415936
169969401856
675909337088
8625617920
970756980736
513370882048
223803768832
470117253120
260765171712
680131756032
973782777856
367091253248
702870978560
151962124288
27619569664
202121510912
56113446912
98697396224
807119618048
259319332864
379983003648
374612525056
112970653696
697710936064
427150442496
117275181056
43924832256
244655980544
933140430848
291662659584
974406549504
850434588672
254710824960
924989128704
292829724672
588962725888
696608096256
891670495232
306717556736
1973413888
167166803968
572389392384
149191966720
469174943744
423480852480
442800963584
155895349248
133133606912
576588480512
721692327936
483140272128
138361110528
435190595584
248329453568
673152696320
677130010624
524896993280
943191425024
217527255040
980481736704
956519415808
221622026240
801370275840
629658157056
664947130368
766384209920
619454332928
