646257180672
644284874752
496331849728
849212276736
711086309376
227985244160
748072206336
850073681920
188711157760
668457435136
764545400832
713912549376
728372543488
757204844544
341938962432
968140849152
543302189056
280146771968
426987749376
382843486208
450738847744
567950245888
539498086400
344884936704
481172914176
73109291008
747878350848
591643082752
745995632640
948614791168
368620371968
402288377856
260736696320
201690103808
805717999616
702534844416
503006232576
25204654080
614640975872
270643085312
698241843200
350815813632
161004961792
10318220288
418325757952
801074053120
650709893120
481037352960
794931494912
413127770112
438405365760
279094034432
733476487168
539072102400
184954486784
530303483904
810915135488
50638589952
82798313472
591260876800
322604793856
18987524096
123297964032
268963938304
476604760064
295980761088
548539990016
311406493696
808769028096
981868871680
270068170752
35681144832
692969603072
740537794560
219043414016
462740881408
286286348288
614817595392
239756263424
583543029760
608712916992
637503143936
515477012480
621720633344
258261139456
594942361600
196408803328
42943225856
746771316736
985725861888
95344721920
458763599872
439943856128
136400642048
485589024768
294912589824
596312391680
222972444672
497848909824
346811138048
