761889030144
68694343680
545883586560
665350832128
551736770560
40245391360
404301873152
101691285504
125336363008
528308404224
278867345408
923490320384
102274981888
935635451904
224981319680
261001560064
653305446400
105000476672
742983401472
322093875200
431542992896
942946779136
107212029952
912602431488
108566437888
676137402368
841488269312
892508897280
397046677504
163461578752
298665803776
675799891968
169342763008
143627714560
950996434944
397650329600
308885782528
443427028992
677830524928
297806823424
239459205120
590703034368
945229201408
466603507712
205166297088
229846286336
26383945728
434983731200
771417964544
221543350272
479112986624
451889201152
901367595008
285245865984
127460745216
232862351360
717550714880
874191192064
530720817152
825157681152
425581707264
751919824896
516294967296
369325178880
248468733952
13777111040
551892221952
653000507392
979495550976
382452858880
885377728512
542846091264
613631131648
298167369728
299354324992
247759929344
101362204672
594550784000
614956597248
576146571264
296361885696
954337132544
544085966848
453327192064
69696757760
393450422272
721139597312
193850408960
43782647808
854960177152
316446605312
518188957696
201775153152
234930421760
475716583424
368918822912
419045867520
903701004288
502454386688
750831861760
