498573017088
517026676736
667000963072
284969336832
479411372032
466635292672
739120316416
395442323456
199490699264
840234237952
816190390272
712030617600
98054217728
997197479936
898655846400
708071391232
556697518080
414846681088
328289189888
556431900672
950771777536
620848021504
592310370304
960674070528
49067708416
680979922944
229076107264
82077908992
483351134208
682853269504
715600560128
98303680512
190049615872
164048896000
169752264704
26473375744
938014474240
209017487360
956854960128
860998533120
801532411904
356224368640
62656020480
59741163520
69714051072
684137381888
297666838528
886727376896
226982543360
895692177408
898545221632
849324408832
595089096704
662036021248
839257686016
403080970240
581937201152
618586308608
579783622656
422880673792
355667574784
704580157440
879542730752
474306904064
676245078016
651453464576
979083853824
461884096512
886220849152
713825910784
272026091520
942511620096
792374280192
434292293632
150230073344
916836515840
270713290752
878599208960
616947974144
44487766016
705914667008
307537805312
787637665792
825638125568
499905986560
920266932224
926307778560
454728253440
617496576000
265046441984
635637661696
161828651008
854061875200
218722893824
75686584320
64413868032
603839004672
722300567552
705920303104
402620350464
