989796892672
516133617664
657096900608
827987722240
989370384384
348674162688
166875316224
673473626112
70703734784
317746970624
373403353088
790542811136
653213237248
555614142464
207064694784
136458919936
464926081024
12956333056
757094678528
489930424320
260568023040
366673952768
688878845952
986228195328
537868369920
953891684352
57944657920
875910135808
422068191232
700061908992
941072252928
601270386688
551124205568
745063579648
283964506112
591820488704
726597894144
931389046784
855130439680
177180229632
868200022016
837170495488
324401725440
220171681792
425501425664
402387632128
929334296576
321197801472
371620610048
827961180160
543556927488
561648173056
620907134976
586008821760
50559029248
745616113664
570929971200
619675844608
892047589376
644182704128
778224664576
621656801280
185915506688
681824354304
421977620480
177817468928
578202828800
854892806144
183164862464
451852468224
284305326080
319877513216
181437612032
421860999168
217484148736
256104284160
345000017920
415420940288
979759923200
825232261120
678497353728
504885837824
616719843328
210294685696
422738788352
970957127680
877457375232
426659217408
861809541120
433471127552
349460955136
390434029568
24924899328
912769613824
919046914048
422010781696
735109775360
989483106304
243070337024
283108737024
