202732421120
323738599424
74482696192
830650974208
750943272960
103459454976
843054383104
215187079168
649117827072
722970411008
964168122368
773939855360
607413993472
806769590272
376910610432
736885604352
835976232960
252715139072
383330582528
637277569024
725103738880
818620530688
555879563264
666850820096
761192185856
357331042304
662781689856
372428832768
411626799104
211716292608
315798913024
632077156352
320744030208
745207300096
698767310848
181738668032
481945255936
53643595776
587932237824
377244188672
343399104512
508966010880
192533413888
909135511552
841004679168
765740122112
793981222912
442184728576
798728716288
233514156032
672565821440
813909082112
369700569088
557868449792
95520063488
405696872448
547153477632
8814637056
147613368320
937720545280
269373210624
355717251072
539473772544
936168456192
183262707712
96368295936
662038904832
888203706368
40408023040
137622208512
16511339520
506086359040
793631981568
572697346048
324519526400
199264813056
43678121984
98237726720
81444421632
836358438912
675863330816
235286413312
458835034112
640274137088
86968164352
673854128128
465645699072
107514331136
993379614720
730637729792
828437233664
544681197568
457062776832
854341451776
916727988224
447615369216
71615774720
646379864064
706807136256
307330154496
