297796960256
73602777088
41896665088
157241212928
753007788032
801871036416
46769610752
56877129728
933903859712
121985466368
209692573696
303086829568
980132298752
83752787968
633079595008
168490893312
826365181952
719803318272
734228971520
186250051584
304460234752
62811009024
664599461888
923279491072
559128969216
279725080576
339122487296
631927341056
802351480832
121125208064
751375351808
366337949696
41989038080
709789417472
430192885760
252056174592
308039778304
224831537152
743532462080
550682427392
319036588032
48298250240
748671664128
924872736768
336472178688
88060575744
34218967040
118193635328
480381632512
774167003136
424451637248
759113842688
426624974848
285976625152
409170706432
932275093504
748327600128
142665056256
771676372992
564364378112
271602483200
822753886208
24971393024
694216949760
704117473280
102221299712
33482037248
732604268544
879906848768
593948508160
492776751104
98616180736
442138198016
16764856320
766949654528
122404036608
244628078592
463941795840
469725708288
679735590912
316375662592
326060736512
102809608192
921043009536
970321756160
197781749760
117865988096
973669924864
471051567104
963702030336
939791220736
70709403648
412884336640
346756055040
928839434240
4216942336
874152132608
874933714944
10813615104
744424341504
