344688033792
171847450624
240157474816
326625427456
593910235136
849026547712
589390282752
881966317568
208813621248
530603540480
853491777536
636765929472
125520510976
623160000512
450272886784
736493830144
251792670720
879230517248
226663710720
536992776192
238079164416
396428115968
767061327872
114374792
922297171968
48448147456
268026888192
728102797312
223318687744
317427548160
4545369600
394027761664
424608759808
399715172352
13268904960
10474587136
46381428736
532643545088
139876368384
902086590464
369418305536
813100826624
785307074560
656694837248
70074376192
740064559104
265065218048
950962094080
819312918528
192493158400
232538095616
267681923072
930031009792
31426295808
181743206400
558111457280
179397804032
138927849472
960328105984
234153607168
419767418880
30738417664
620560121856
753626251264
197003411456
36199342080
402317705216
753477091328
689293819904
961198096384
856190615552
995506388992
476616687616
496633184256
914352439296
520656945152
680851341312
68301639680
945687232512
165551652864
426580705280
541790666752
875509579776
689003560960
83233439744
904361213952
599526014976
232942354432
62269612032
565412102144
881575067648
632174673920
959546589184
100355522560
675208298496
226112782336
277623144448
12464766976
495344484352
254632853504
