891454685184
678843187200
317968580608
98089902080
596986953728
560125706240
33148499968
126857715712
97620238336
703451824128
914684706816
106078396416
859502084096
651776622592
409386647552
561573855232
372209909760
731910569984
221402808320
117067784192
558200848384
681497198592
923530559488
778606346240
36673417216
370109448192
429452001280
799660900352
901005377536
197582815232
774331432960
189046177792
298935353344
206242463744
317227401216
640881393664
294212861952
835603857408
994116370432
113370480640
417619378176
928957071360
981439610880
54797471744
981111734272
545542242304
928215203840
513062895616
47599677440
7795131392
12771814400
655880224768
378303119360
140437585920
334599028736
605519740928
970727292928
14604160000
452103208960
498539102208
946507808768
956858695680
923797225472
260744544256
333329661952
271314567168
984054169600
998225149952
170137927680
508154970112
561087774720
202779574272
116361961472
695514693632
515261595648
1703944576
638195662848
153608962048
705738768384
352183386112
145767940096
921897467904
330339713024
19911534592
653162446848
701976412160
117436350464
752756457472
577736998912
24837312512
440723472384
239550676992
128169762816
149096529920
865332756480
647632257024
755334184960
901660540928
208705208320
708452548608
