443523104768
292825300992
515003547648
664510136320
421375770624
62970875904
351579865088
2855998464
766205568
877617545216
118139805696
575614222336
348168683520
671179276288
510612832256
870143950848
509241163776
816313270272
776681619456
687330885632
970429825024
14008131584
434671419392
522765172736
113916379136
592652075008
703366430720
479571214336
153404375040
267176509440
435735953408
413829627904
234536075264
847979216896
987643183104
318760943616
415432015872
165753602048
820767490048
638979342336
325270994944
830116921344
775357792256
438043148288
190953570304
356542119936
403331284992
788681064448
363553357824
240911319040
996640751616
540681732096
237864222720
784159539200
369406083072
608049954816
495257747456
797253304320
436617969664
238444363776
534383427584
382017208320
563730972672
626660212736
278664445952
513251672064
221082845184
739358146560
392447393792
863273287680
34332424192
25065023488
267849351168
744103870464
153144426496
898207580160
175496249344
565583478784
760841568256
463668019200
868344987648
273339236352
12481588224
778048569344
662616145920
589747585024
887976951808
228199219200
344093261824
175280783360
944126689280
937822978048
990955307008
986050658304
553407676416
122987921408
58010738688
986503249920
160356859904
117702705152
