564080476160
500436467712
835581509632
619217551360
190242848768
411475607552
670337662976
365233078272
471853957120
449905885184
567874813952
271782821888
853961539584
531083755520
924740288512
110762344448
582641713152
459061198848
441776439296
936802910208
847003844608
594224873472
137742548992
38954725376
712071577600
787361693696
187888222208
837408129024
318440570880
31132575744
245182529536
782862319616
566370041856
981715779584
697657982976
537785303040
557643923456
321926561792
619614568448
862582603776
426605903872
965353799680
700603826176
49040781312
228373135360
267250008064
670690050048
287571869696
220746530816
86896001024
461103366144
764608446464
773602934784
944887103488
717830029312
569801375744
652086411264
617131081728
121182224384
709651726336
116193779712
868849221632
749242351616
516276125696
52748554240
544938328064
778494279680
154055933952
218247184384
80408625152
427726995456
807580336128
3229963008
285990289408
639132893184
907104157696
699509702656
659491389440
71413227520
242136219648
583560724480
904729657344
791264100352
775578386432
145660362752
113481777152
288246857728
564927856640
743129284608
774729302016
875129077760
294421626880
344204345344
42229866496
757337096192
565011349504
145325129728
479466389504
391469498368
428007424000
