535186833408
885478260736
232637431808
937469149184
43282518016
449337884672
21989605376
579282272256
997637619712
295975682048
463130787840
839524417536
887887953920
732979200000
181206286336
534080749568
295072890880
289882636288
57366523904
159167496192
128114712576
223949242368
914934136832
298100916224
181889646592
19293286400
262248546304
611414507520
43264446464
145604329472
171969560576
292333256704
244667826176
132258938880
876068601856
85013807104
827091058688
918765043712
684607733760
201955442688
265089302528
355765354496
348329050112
366573060096
993311588352
587502583808
156025470976
320110755840
101493792768
806110560256
300054544384
16881855488
733340565504
254750572544
593040244736
226887827456
303659974656
613218910208
370288787456
443903311872
683368841216
380533964800
634295222272
600096571392
823007379456
285584195584
813779779584
196677861376
564839383040
255391334400
361967812608
592617013248
114893897728
21742942208
433623203840
905107079168
134387671040
653650427904
902798311424
331053236224
11591909376
825222234112
510723457024
729321439232
705427931136
127416639488
491470389248
142879866880
382019600384
603723726848
784757686272
421860835328
215425810432
661666004992
620800311296
790436249600
861976526848
238966259712
305763287040
963465314304
