983378034688
635017887744
745541599232
317990830080
472096440320
524806750208
427262771200
5652858880
7599168000
719216443392
871571456000
501774417920
322720497664
963613360128
449055686656
278975053824
733533896704
504227823616
556526141440
534241902592
3834064640
439123509248
348615475200
180377124864
598353772544
531051708416
385918271488
128662052864
423024525312
773428674560
15782335488
253701799936
966311346176
795062632448
618089938944
237147881472
744542633984
528393928704
716704448512
651314593792
645252710400
761921994752
623536963584
785836212224
549062541312
94189371392
40774492160
296857403392
282713161728
560574038016
567703764992
397032161280
919771873280
606556323840
392882716672
180185055232
370156404736
218811760640
569435226112
498196643840
191238471680
145129619456
193620017152
171882119168
822721052672
473423642624
831673139200
930246426624
651474239488
327959904256
21866166272
504668356608
960756645888
437168209920
486160531456
900231266304
186776109056
146113052672
722058805248
642821521408
902216876032
559181660160
165458755584
865220034560
753056088064
613731598336
987684864000
19369707520
546688794624
198591168512
721927077888
429305200640
332671942656
217115836416
65947107328
372997226496
964305289216
79016927232
37542420480
975499755520
