148400865280
173480591360
688236265472
186480410624
176329441280
568898945024
485201117184
775194804224
699588739072
987344470016
298700734464
263521140736
999543341056
325297963008
282653261824
553343778816
48983097344
258881634304
23743762432
61403131904
2479872256
679212089344
517689573376
809269854208
397806338048
931329933312
862402445312
397980991488
866711502848
819836813312
996939399168
561141055488
98202312704
486241206272
256032342016
135505092608
434103517184
977662574592
575194660864
296860418048
333271531520
294685409280
778085138432
276884389888
596125614080
82900049920
301103480832
646256001024
624938123264
334919532544
992855851008
927960203264
227374366720
480963657728
555782438912
35131060224
447742214144
203706597376
696776982528
731100807168
610869313536
879681732608
810979033088
124424282112
198869352448
397071417344
579354820608
216727699456
542621368320
837353144320
394623778816
442157957120
348555935744
179940163584
254433181696
258320842752
598204678144
25470885888
89195405312
107182596096
417889779712
473440124928
108116140032
107999207424
142664826880
767919718400
426226057216
581047812096
670690574336
296697430016
593807540224
122701684736
247157211136
971207278592
80014213120
798909595648
274089934848
629410627584
504003100672
780553420800
