760672026624
615245283328
427274633216
205115703296
379667775488
76457951232
28833675264
607587074048
716543229952
942702198784
995229761536
827174158336
316679847936
438174679040
402184634368
517052956672
108642967552
962354216960
287742820352
93579714560
794327515136
262326829056
927183667200
176207085568
512371785728
432148512768
120286969856
663073325056
273136910336
612268507136
396763070464
396756582400
288032686080
965079793664
95943852032
528311189504
325849022464
544832585728
1024119552
212377387008
426707517440
672997113856
62136606720
329895837696
559307620352
283548188672
594514149376
999428325376
392184725504
448981893120
38761611264
466397986816
751240871936
104720728064
41198157824
417413365760
466970443776
372392230912
796129820672
553905553408
490840195072
551102185472
374125002752
918957719552
921969688576
544945307648
895404605440
65535225856
450550136832
396079300608
904719499264
619905679360
755706953728
167130890240
968843329536
349583704064
453543231488
701257351168
31753453568
680323317760
193464991744
566217736192
420763435008
771083993088
608651313152
602825818112
693733359616
575705120768
876220317696
635087552512
916139474944
556501237760
115742466048
283688697856
955729772544
950111174656
517890998272
193783201792
914288869376
452913201152
