298623991808
973696335872
914368430080
790173581312
447661604864
848782032896
480280281088
70906413056
724080263168
617239216128
939764285440
619331387392
102490955776
565403779072
741130895360
186566426624
622039859200
623738159104
167132954624
3514130176
61985189888
785120559104
521341730816
190615191552
669518725120
601114804224
936913403904
703841239040
460613025792
522854629376
617354100736
870216630272
730154729472
711263584256
206944010240
107910963200
659466158080
647075266560
394800889856
418596585472
353226883072
684418859008
27454846976
433613799424
747397906432
516418797568
450802876416
643989897216
538452131840
765028204544
829160947712
707813834752
227447422976
708881874944
177053138944
732156854272
360190345216
719420391424
298315939840
796161736704
90622312448
89275473920
452887642112
682872078336
30564945920
705049722880
770635988992
79958024192
854454697984
819967950848
201549398016
440683134976
561411457024
641902772224
459138957312
748701876224
432044965888
379757232128
579754786816
938718003200
33479653376
692533264384
406431531008
894698848256
204101287936
330360619008
371104219136
148329840640
979599228928
124806152192
617000861696
933304991744
57900703744
137163522048
307169755136
602489290752
37819727872
636196552704
555608309760
109649879040
