655794634752
940012077056
783421603840
966512607232
177525538816
671671910400
790136684544
827758346240
135196614656
249525190656
769907163136
829506584576
516967727104
676847812608
781702397952
72073846784
345194987520
692079099904
773984092160
349870325760
270579597312
631406002176
40300634112
332720570368
34885341184
317892395008
817508057088
857939836928
394886873088
863962660864
620403425280
119716495360
75168342016
354251866112
910969798656
669096673280
507849408512
424923430912
687781576704
545196933120
125338075136
556968509440
970247503872
950180249600
679058079744
929258799104
53521649664
538386169856
655898640384
688438640640
588368379904
706701623296
534297509888
938044293120
710280740864
689109925888
870674399232
425181904896
32246124544
960621969408
173320470528
997100027904
260338450432
508266086400
427786436608
806780731392
564180025344
173080264704
960125730816
833071808512
437787394048
892688072704
408680529920
693565784064
760278351872
998464880640
198902382592
952281858048
1583500288
613889540096
641630142464
877942407168
578261090304
834276818944
690435260416
146266619904
303164129280
279200038912
515055550464
538089455616
669288366080
729034326016
879305162752
481895940096
225144143872
997679431680
997836652544
640433717248
769213595648
173068730368
