824614256640
292193140736
890081181696
594082725888
748070240256
816874258432
205413859328
390680707072
170685743104
715291426816
903504134144
193942880256
597810020352
392787296256
576037650432
464334061568
62737420288
427845287936
795845984256
783694364672
551278018560
329197682688
825467011072
623918776320
203106811904
616139456512
456149794816
509695754240
457009725440
962338881536
28862177280
86623518720
881479909376
33263075328
52504563712
444241739776
370556633088
945043996672
353774698496
891461369856
791417716736
357513232384
725044363264
820484571136
884068646912
542084628480
816617357312
887707664384
702953422848
537299943424
399960997888
144597909504
257315094528
694624452608
553732341760
579790831616
544651149312
952113299456
167788232704
16945306624
799753764864
462225178624
618637230080
435213598720
634662486016
772988796928
622649540608
871359119360
932331716608
699841970176
243871924224
755538132992
330103324672
46792568832
442709311488
615321501696
708764368896
202546266112
195124002816
449059094528
336287563776
984756453376
802002239488
251442200576
988721512448
441955549184
946848006144
674937110528
667957067776
354430713856
916765147136
72010940416
287891619840
594589974528
272982114304
10298128384
80641400832
340128989184
547873128448
103795261440
