460659490816
304395845632
980878032896
617690955776
532328677376
847591571456
471290740736
983286153216
90092593152
186162151424
827389509632
936054751232
272141598720
883881607168
398412120064
112489365504
608704331776
493912752128
191677923328
530874302464
404290732032
914437570560
952217305088
915369492480
615810924544
934568067072
284782886912
346147880960
707765534720
415195529216
191077187584
434294456320
186865319936
645222760448
259226501120
819866697728
500386299904
992438976512
921763119104
73277448192
574113382400
123084021760
673130741760
308304576512
675092955136
286777606144
871410237440
791651418112
285904502784
197038309376
622723072000
107236720640
327533002752
847480422400
603504246784
95532400640
613134827520
956228239360
327879426048
669359996928
933348179968
782606860288
273269981184
848794419200
687405137920
218469613568
818932154368
792980619264
624702455808
374197551104
138259070976
720135716864
320511344640
834057535488
4520617984
978024923136
665017843712
954419249152
924156690432
300737167360
489791324160
923113291776
764715991040
580930764800
703227428864
143673917440
727466246144
524687572992
424111407104
40315404288
580988633088
676600807424
629923053568
116992933888
300245024768
218195591168
213278212096
566951870464
760302403584
403213385728
