807154024448
837124554752
551806042112
204339544064
334910291968
837314543616
745958670336
327201062912
268241797120
339706085376
440262000640
483039576064
446323556352
360007401472
644486856704
890581221376
998703235072
205690388480
38299656192
702334435328
135429087232
156495691776
222974951424
539978268672
414724718592
278367436800
521272492032
26755819520
685043941376
533651226624
75795087360
887965745152
40014159872
517977341952
645308612608
701704634368
549599412224
117320056832
798253776896
251290583040
440909594624
367327838208
679050018816
793690505216
555955388416
942995079168
918313435136
94352195584
777342746624
799859605504
239671902208
165702385664
959937249280
666123632640
540277473280
443456520192
174147567616
898179727360
706571534336
347469053952
912356933632
982363668480
586548117504
114731196416
287256477696
919672717312
939164041216
530194399232
977502011392
876850380800
224415580160
752706387968
736801390592
421039112192
404458930176
741525618688
821277097984
203484758016
968365113344
312669470720
35823448064
84684595200
293981028352
938690215936
567106273280
355737796608
885281914880
933337563136
604423847936
552447311872
982423961600
599851663360
706775482368
775137067008
728203264000
911693512704
832925859840
985097175040
528337469440
767968477184
