494601633792
769476395008
590083719168
536784175104
731396112384
575072632832
246398648320
222004756480
233902276608
195421978624
457285861376
603062730752
675719544832
818472288256
63705264128
694359031808
91629666304
19872260096
993070809088
541848829952
853351792640
283329757184
923399159808
569143984128
603702689792
431600566272
910708637696
280867110912
533113110528
31979300864
476112355328
20714434560
147482296320
734746312704
881228840960
814020427776
241689853952
81414447104
332535889920
930751643648
142670102528
856592482304
749365690368
589348339712
176685268992
549497307136
401388568576
138203398144
784399335424
399485370368
150525231104
877447610368
261585436672
466782060544
206015414272
500878442496
263862550528
737766866944
647724466176
304438771712
702218895360
192548552704
163664707584
712950677504
562028544000
13571623936
98279849984
789386428416
218522697728
710887866368
891619704832
452062380032
812432556032
554772463616
60683128832
901332074496
688109584384
57301004288
57989513216
629785165824
799511085056
382722375680
415029755904
405414117376
794747273216
317720461312
927816876032
818112692224
19799429120
769003225088
637169893376
914144493568
26746544128
529166172160
695524720640
684592922624
953288163328
914946588672
507863236608
657687511040
