520760819712
426929946624
411911979008
4279602688
927284068352
862781833216
774178799616
623476211712
765066346496
469968420864
758831448064
680018116608
64383467520
92917981184
672415023104
279276748800
804708089856
729433047040
581095587840
473723011072
862987616256
233496657920
378137837568
362319118336
497479614464
139905515520
392048640000
161107197952
728691507200
118166052864
16825785344
790975283200
921218056192
911800008704
623153053696
333370425344
956552314880
775095058432
22209939456
282438500352
943626649600
532646789120
194152235008
116647370752
492327731200
551765671936
526098563072
138652024832
324487839744
666875985920
185639682048
46195404800
406220308480
345033441280
977213390848
25268428800
686470004736
502267052032
602721812480
945032855552
166935789568
689845043200
225560952832
2913832704
972785582080
607829360640
787945816064
4698846720
973520830464
964202856448
357857460224
510249566208
764253241344
804603297792
967701692416
161908998144
204486279168
800991412224
262820691968
227377004544
525120012288
691983089664
160358891520
151786553344
76460081152
64506269696
156825468928
765601841152
470003449856
348297920512
843145478144
746040524800
703554191360
635202437120
847272607744
111112167424
462178123776
827790393344
673259520000
472460034048
