72402001920
860437413888
371383599104
844534841344
97836785664
342783950848
170011377664
381346971648
298697687040
212078395392
401661886464
731515191296
575336087552
674292236288
830251335680
34619265024
845959790592
46127566848
266074865664
920056758272
393876013056
874049830912
155323842560
528002809856
143031648256
933079482368
266533519360
628764377088
642912223232
425830973440
941163937792
142767718400
496952508416
280533794816
931248406528
492435636224
365855473664
933087805440
407494230016
755866664960
850370297856
173357039616
611876995072
816672669696
817535123456
312949309440
738813935616
246184443904
621773127680
141365166080
924343074816
434149326848
747879071744
603539243008
683433590784
468704526336
516820860928
208489234432
78699913216
709506760704
680087650304
233071706112
236208029696
948362412032
127526502400
337969184768
247849844736
612501094400
305298833408
157382017024
119568801792
592863166464
250910900224
59718537216
689454252032
657624924160
701877321728
452767612928
665218383872
325706055680
141777207296
849325916160
620618711040
738300919808
623818637312
519811334144
468665630720
863452069888
39321686016
879587098624
220543401984
672806731776
863319425024
810512613376
285204119552
425678045184
370937331712
343914774528
175511699456
825309331456
