973878853632
981890367488
631622991872
686879997952
392039071744
682281792
467110166528
720271704064
606421581824
128142786560
695816683520
591256879104
254186684416
115643572224
621571342336
749510656000
25415290880
154773880832
284505047040
676051615744
399589244928
896572522496
694906781696
297756524544
393913925632
511147540480
857429835776
823650746368
98370756608
317273767936
420137369600
248702697472
946324176896
870451707904
681665101824
745883697152
67304312832
183568711680
239333801984
483374792704
80393740288
177549279232
70644580352
323500670976
75873247232
201621815296
657754030080
871307804672
69951954944
682504224768
849024581632
556151668736
240980131840
153010257920
643493199872
191034507264
717101662208
327035453440
484707467264
478437310464
95764766720
518469582848
917898264576
116838776832
709239439360
186515128320
759707009024
395627167744
305917526016
556028395520
169465413632
205093388288
4393378816
839516487680
753634443264
333761380352
527509323776
849717755904
205882310656
264000356352
54019981312
913814388736
477568991232
502012248064
320296878080
229654446080
802342436864
969309290496
181361000448
134298009600
146729992192
90918060032
59896504320
680590835712
690261983232
233151102976
570737033216
377383256064
680251228160
982514401280
