301912555520
244361297920
980316585984
180889731072
213519253504
618248470528
901721423872
231431667712
671993757696
199269220352
117731229696
708789075968
619003052032
583906623488
719463776256
27107454976
594993676288
58225119232
589560217600
738035499008
162302918656
825226821632
587484495872
851947552768
682428006400
567910531072
872534900736
694579363840
795615428608
908866748416
323906076672
889784238080
603801845760
97443258368
728914984960
873696329728
213693005824
538462453760
938922278912
467275677696
502467690496
974728658944
264129904640
231214170112
16484520960
55334461440
6261663232
239770861568
828821471232
2993294592
308300742656
610611429376
546941108224
439160668160
973214515200
816635510784
192302137344
22130114560
940834488320
604445343744
912710762496
929887748096
624042901504
289648148480
116609597440
857468305408
469467103232
333572734976
357250662400
311723425792
135599480832
20461598720
898092498944
240371679232
926700535808
55691558912
7999019520
439524098048
81805312000
901810225152
724749844480
871198228480
228375953408
314802995200
894290821120
345509560320
978948128768
180630519808
857119522816
607696519168
555622662144
349848993792
911865741312
728424251392
625963171840
562574000128
181325791232
542546198528
574568529920
772506910720
