523421777920
149770108928
186183712768
189719134208
609494630400
776137932800
550389153792
390435373056
46979604480
586256613376
214844899328
898082537472
73184772096
16470208512
814798798848
323880878080
465798529024
675666984960
934718668800
816668147712
741376786432
318732894208
943423684608
121750691840
263785889792
449522991104
133182701568
401589469184
514553839616
106968801280
824717606912
27987922944
393037840384
787281674240
843529256960
196925423616
725431222272
322021687296
218510540800
506549108736
571509047296
352705183744
916138229760
534970892288
255287296000
613447303168
209216847872
307441008640
161169391616
774043992064
357452742656
708500717568
771795976192
575584731136
852399554560
278451585024
935873085440
218887127040
835820060672
627696074752
688422846464
322976186368
260305698816
957821812736
112070762496
573260103680
783101526016
587738578944
122632896512
91124203520
524520620032
617872752640
587923193856
225451786240
167998078976
543742066688
673224720384
888565923840
127585861632
335408627712
212797554688
488393506816
430011940864
210721259520
592029548544
241021222912
843616878592
669456793600
560270278656
463392669696
240831922176
662268215296
742416646144
797245898752
312616976384
153729024000
723658539008
529327030272
399621423104
437312061440
