548469538816
127441166336
903716536320
764332539904
136760918016
540772663296
766221090816
878041497600
243540295680
181762342912
879681339392
804037001216
450406187008
976948559872
574404427776
14815251456
999929413632
814046773248
684349325312
858711851008
369559240704
182213214208
457618128896
188171157504
592858775552
177734352896
181399404544
779691753472
278891397120
328207564800
184375427072
798056775680
940603342848
720382656512
470748856320
876194168832
195222093824
97832484864
270577876992
602377945088
166644416512
792580521984
901546049536
284208824320
697885982720
369458282496
485652037632
353593393152
844452331520
710511099904
559844294656
303783116800
683011801088
379892301824
849832312832
131857874944
135208935424
456548286464
207479111680
101489278976
730257358848
435811876864
690099126272
496261955584
674685583360
440606326784
270467465216
746824073216
872453570560
326741327872
541768318976
499890782208
664399446016
561399988224
449929707520
968733622272
505753763840
202959011840
132190748672
729873383424
981326888960
160839581696
230994493440
324386979840
972240125952
439910825984
581385846784
351805046784
787883819008
963556933632
501564145664
788191248384
130807685120
484656611328
623696019456
459308302336
594416697344
361040576512
8539277312
519622918144
