963423371264
256452706304
200595587072
410056196096
814562344960
350135812096
732322267136
140586303488
834036105216
645078974464
842028875776
979385384960
529810358272
523244011520
162186690560
871702396928
703261638656
718685077504
940298862592
603314585600
907953963008
982015279104
731367407616
91598708736
499536101376
703226118144
122002694144
499330842624
253550411776
421896093696
807835009024
283001716736
410058522624
853522055168
145245175808
135616167936
300943015936
949343944704
623908487168
30128394240
367945940992
67318648832
424480014336
235528437760
526402584576
248754601984
818651332608
72318140416
450876964864
889587892224
303586279424
374476832768
832257064960
744716959744
457788293120
47730835456
212201586688
472331386880
473350930432
609061175296
491596054528
254856921088
380301213696
722339299328
357457723392
791945478144
227693199360
839529988096
980106084352
642736848896
478717706240
808585199616
891431354368
285975117824
384079364096
222126342144
277664694272
710342082560
719913156608
581212962816
446562893824
382471634944
200694284288
68792549376
196457021440
853332459520
958582423552
894417960960
481904852992
375128686592
787851378688
418231189504
211561889792
720551346176
306915508224
329088204800
985511034880
484539695104
658674745344
346074677248
