334138966016
873442574336
949855715328
225330937856
136969166848
40803266560
780456624128
134180339712
169037791232
18005438464
617399123968
626854330368
540436856832
122602741760
584398077952
978889474048
195681943552
826481704960
677898289152
436520058880
593020649472
898266431488
163473637376
501345288192
109899464704
80371630080
806094110720
24143730688
783698690048
623311847424
2999753216
416852475904
39733014528
792759959552
916490420224
454797459456
780549816320
701129031680
875753111552
781983350784
794912030720
86525550592
234968367104
113393516544
804821204992
629487632384
799149850624
311424253952
107415502848
332326633472
413557784576
666065240064
557982023680
4128907776
394553524224
261471862784
557836664832
561033838592
295531216896
992884817920
415355174912
874668752896
558008696832
451398074368
647608139776
350030004224
954225983488
675884695552
594070667264
545656864768
855059529728
984965906432
322318761984
211624542208
773855444992
188594978816
715770494976
954865876992
430419574784
61807501312
798703222784
805990957056
289350713344
117578842112
147594133504
614757564416
231007715328
546491498496
883129843712
763349434368
613479677952
753235591168
630632611840
42720497664
3364127488
540892528640
780501581824
890113687552
140918947840
424865595392
