580265967616
529152212992
461265862656
495518220288
174784266240
599197876224
718913011712
771322281984
613686181888
224379060224
138892099584
359615102976
51224682496
933262327808
339862650880
71252533248
541279682560
287485853696
774856114176
6687704576
400249159680
987336081408
157560012800
111049752576
413162897408
28818843648
358293766144
843377541120
646374293504
612577640448
592360898560
809717727232
926014439424
524358221824
888637816832
335828582400
270679949312
318043357184
354410004480
568890884096
348865789952
386925363200
54876065792
302046380032
493425033216
994495299584
482328903680
501930131456
939263590400
203096489984
442793230336
25680218112
607414452224
815237758976
700797353984
301844201472
95418982400
706866053120
297170206720
539552382976
256727400448
817331699712
893592862720
616098627584
769706754048
461835534336
69805318144
217917964288
547235954688
395349852160
645236391936
487811252224
644045078528
465031659520
786842058752
454466240512
214232530944
606219141120
724869578752
883256000512
883716325376
620270190592
880756588544
876274122752
539283619840
739879223296
150585032704
882783813632
948161347584
748444581888
108711632896
116360216576
666142310400
853942665216
214929735680
324250501120
678166921216
951912497152
793738739712
366485536768
