916448083968
743403945984
390221004800
444157493248
954711605248
838404341760
61752369152
872045543424
468799193088
107992186880
24658841600
441150078976
409177980928
54358675456
606284873728
830085988352
255084216320
200500740096
815950004224
671722242048
635689762816
38851584000
978601181184
351128059904
409469943808
961038319616
170258939904
541993566208
286092591104
357858377728
526144929792
917500985344
439012687872
486119604224
212168179712
910593687552
348606955520
37060653056
878377238528
886391635968
584702492672
95010553856
842404462592
292416585728
645087035392
977918164992
870000885760
105019662336
65484607488
599729897472
660054671360
538932969472
846764113920
563793428480
676066820096
654525399040
608483540992
782671937536
367153807360
753905369088
887683022848
288758431744
162938028032
499494453248
3666139648
616809562112
717606420480
811508432896
22380017664
140965068800
199981383680
87341244416
944286334976
620741459968
802419703808
268525715456
111881699328
395808997376
361879928832
116164665344
379622916096
322105540608
627585712128
833002012672
264927690752
639756992512
395096358912
384795738112
262079774720
774801719296
92716474368
285811998720
642204827648
536503844864
20297519104
140424314880
111492702208
857793167360
929807532032
275293405184
