880248946688
344302878720
698774781952
308651098112
498717753344
949548285952
58471514112
730766049280
985564577792
384462585856
662782148608
379652603904
821005254656
635428667392
649870639104
376237260800
420073046016
167388053504
290900934656
172321259520
203488182272
26061119488
9243664384
358258671616
253457121280
854055190528
105811861504
380017049600
946430541824
658385731584
489366454272
781739163648
689942233088
858955513856
465450467328
825949028352
724962312192
441462620160
662722314240
373103230976
746072178688
234941186048
656403988480
181833711616
79119368192
759296688128
499664519168
861566599168
350141251584
823875141632
869631983616
905095151616
934322176000
153172115456
363947032576
857730842624
882701959168
571542142976
909199147008
910564130816
851405570048
572917678080
27863519232
302160707584
414876925952
836862345216
144981016576
695818584064
623720660992
872931917824
366520041472
102318555136
668011397120
268120162304
295841923072
215350591488
397543047168
505721618432
663189979136
234018078720
142012186624
799028412416
270009761792
53831815168
751295922176
30447159296
725393145856
681738633216
980524793856
679535050752
945566253056
132245258240
646145507328
767873777664
653935575040
695189438464
48707026944
618979524608
188354150400
668113174528
